0.063867193 -0.0522549761 0.0116122169
0.0694923207 -0.0442223859 0.0126349674
0.0748455199 -0.0340206909 0.0136082763
0.079187939 -0.0215967106 0.0143978071
0.0816631573 -0.00742392339 0.0148478468
0.0816631573 0.00742392339 0.0148478468
0.079187939 0.0215967106 0.0143978071
0.0748455199 0.0340206909 0.0136082763
0.0694923207 0.0442223859 0.0126349674
0.063867193 0.0522549761 0.0116122169
0.0582112894 -0.0582112894 0.0129358421
0.0647901319 -0.0503923248 0.0143978071
0.0715096942 -0.0397276079 0.0158910432
0.0773565935 -0.0257855312 0.0171903541
0.0808745799 -0.00898606443 0.0179721289
0.0808745799 0.00898606443 0.0179721289
0.0773565935 0.0257855312 0.0171903541
0.0715096942 0.0397276079 0.0158910432
0.0647901319 0.0503923248 0.0143978071
0.0582112894 0.0582112894 0.0129358421
0.0503923248 -0.0647901319 0.0143978071
0.0577586067 -0.0577586067 0.016502459
0.0660494937 -0.0471782098 0.0188712839
0.0740834074 -0.0317500318 0.0211666878
0.079381612 -0.0113402303 0.0226804606
0.079381612 0.0113402303 0.0226804606
0.0740834074 0.0317500318 0.0211666878
0.0660494937 0.0471782098 0.0188712839
0.0577586067 0.0577586067 0.016502459
0.0503923248 0.0647901319 0.0143978071
0.0397276079 -0.0715096942 0.0158910432
0.0471782098 -0.0660494937 0.0188712839
0.0567011515 -0.0567011515 0.0226804606
0.0675922588 -0.0405553553 0.0270369035
0.0760725774 -0.0152145155 0.030429031
0.0760725774 0.0152145155 0.030429031
0.0675922588 0.0405553553 0.0270369035
0.0567011515 0.0567011515 0.0226804606
0.0471782098 0.0660494937 0.0188712839
0.0397276079 0.0715096942 0.0158910432
0.0257855312 -0.0773565935 0.0171903541
0.0317500318 -0.0740834074 0.0211666878
0.0405553553 -0.0675922588 0.0270369035
0.0533001791 -0.0533001791 0.0355334527
0.0668153105 -0.0222717702 0.0445435403
0.0668153105 0.0222717702 0.0445435403
0.0533001791 0.0533001791 0.0355334527
0.0405553553 0.0675922588 0.0270369035
0.0317500318 0.0740834074 0.0211666878
0.0257855312 0.0773565935 0.0171903541
0.00898606443 -0.0808745799 0.0179721289
0.0113402303 -0.079381612 0.0226804606
0.0152145155 -0.0760725774 0.030429031
0.0222717702 -0.0668153105 0.0445435403
0.0340206909 -0.0340206909 0.0680413817
0.0340206909 0.0340206909 0.0680413817
0.0222717702 0.0668153105 0.0445435403
0.0152145155 0.0760725774 0.030429031
0.0113402303 0.079381612 0.0226804606
0.00898606443 0.0808745799 0.0179721289
-0.00898606443 -0.0808745799 0.0179721289
-0.0113402303 -0.079381612 0.0226804606
-0.0152145155 -0.0760725774 0.030429031
-0.0222717702 -0.0668153105 0.0445435403
-0.0340206909 -0.0340206909 0.0680413817
-0.0340206909 0.0340206909 0.0680413817
-0.0222717702 0.0668153105 0.0445435403
-0.0152145155 0.0760725774 0.030429031
-0.0113402303 0.079381612 0.0226804606
-0.00898606443 0.0808745799 0.0179721289
-0.0257855312 -0.0773565935 0.0171903541
-0.0317500318 -0.0740834074 0.0211666878
-0.0405553553 -0.0675922588 0.0270369035
-0.0533001791 -0.0533001791 0.0355334527
-0.0668153105 -0.0222717702 0.0445435403
-0.0668153105 0.0222717702 0.0445435403
-0.0533001791 0.0533001791 0.0355334527
-0.0405553553 0.0675922588 0.0270369035
-0.0317500318 0.0740834074 0.0211666878
-0.0257855312 0.0773565935 0.0171903541
-0.0397276079 -0.0715096942 0.0158910432
-0.0471782098 -0.0660494937 0.0188712839
-0.0567011515 -0.0567011515 0.0226804606
-0.0675922588 -0.0405553553 0.0270369035
-0.0760725774 -0.0152145155 0.030429031
-0.0760725774 0.0152145155 0.030429031
-0.0675922588 0.0405553553 0.0270369035
-0.0567011515 0.0567011515 0.0226804606
-0.0471782098 0.0660494937 0.0188712839
-0.0397276079 0.0715096942 0.0158910432
-0.0503923248 -0.0647901319 0.0143978071
-0.0577586067 -0.0577586067 0.016502459
-0.0660494937 -0.0471782098 0.0188712839
-0.0740834074 -0.0317500318 0.0211666878
-0.079381612 -0.0113402303 0.0226804606
-0.079381612 0.0113402303 0.0226804606
-0.0740834074 0.0317500318 0.0211666878
-0.0660494937 0.0471782098 0.0188712839
-0.0577586067 0.0577586067 0.016502459
-0.0503923248 0.0647901319 0.0143978071
-0.0582112894 -0.0582112894 0.0129358421
-0.0647901319 -0.0503923248 0.0143978071
-0.0715096942 -0.0397276079 0.0158910432
-0.0773565935 -0.0257855312 0.0171903541
-0.0808745799 -0.00898606443 0.0179721289
-0.0808745799 0.00898606443 0.0179721289
-0.0773565935 0.0257855312 0.0171903541
-0.0715096942 0.0397276079 0.0158910432
-0.0647901319 0.0503923248 0.0143978071
-0.0582112894 0.0582112894 0.0129358421
-0.063867193 -0.0522549761 0.0116122169
-0.0694923207 -0.0442223859 0.0126349674
-0.0748455199 -0.0340206909 0.0136082763
-0.079187939 -0.0215967106 0.0143978071
-0.0816631573 -0.00742392339 0.0148478468
-0.0816631573 0.00742392339 0.0148478468
-0.079187939 0.0215967106 0.0143978071
-0.0748455199 0.0340206909 0.0136082763
-0.0694923207 0.0442223859 0.0126349674
-0.063867193 0.0522549761 0.0116122169
0.124169001 -0.101592819 0.0451523641
0.134426522 -0.0855441504 0.0488823717
0.14404027 -0.0654728501 0.0523782801
0.151727746 -0.0413802944 0.0551737259
0.156063697 -0.0141876088 0.0567504354
0.156063697 0.0141876088 0.0567504354
0.151727746 0.0413802944 0.0551737259
0.14404027 0.0654728501 0.0523782801
0.134426522 0.0855441504 0.0488823717
0.124169001 0.101592819 0.0451523641
0.112429753 -0.112429753 0.0499687793
0.124140883 -0.0965540203 0.0551737259
0.135803619 -0.075446455 0.060357164
0.145692879 -0.0485642931 0.0647523908
0.151522882 -0.0168358757 0.067343503
0.151522882 0.0168358757 0.067343503
0.145692879 0.0485642931 0.0647523908
0.135803619 0.075446455 0.060357164
0.124140883 0.0965540203 0.0551737259
0.112429753 0.112429753 0.0499687793
0.0965540203 -0.124140883 0.0551737259
0.109268345 -0.109268345 0.0624390541
0.122977465 -0.0878410461 0.0702728369
0.135622245 -0.0581238194 0.0774984258
0.143606739 -0.0205152485 0.082060994
0.143606739 0.0205152485 0.082060994
0.135622245 0.0581238194 0.0774984258
0.122977465 0.0878410461 0.0702728369
0.109268345 0.109268345 0.0624390541
0.0965540203 0.124140883 0.0551737259
0.075446455 -0.135803619 0.060357164
0.0878410461 -0.122977465 0.0702728369
0.102576242 -0.102576242 0.082060994
0.11785113 -0.0707106781 0.0942809042
0.128586125 -0.025717225 0.1028689
0.128586125 0.025717225 0.1028689
0.11785113 0.0707106781 0.0942809042
0.102576242 0.102576242 0.082060994
0.0878410461 0.122977465 0.0702728369
0.075446455 0.135803619 0.060357164
0.0485642931 -0.145692879 0.0647523908
0.0581238194 -0.135622245 0.0774984258
0.0707106781 -0.11785113 0.0942809042
0.0857492926 -0.0857492926 0.11433239
0.0980580676 -0.0326860225 0.13074409
0.0980580676 0.0326860225 0.13074409
0.0857492926 0.0857492926 0.11433239
0.0707106781 0.11785113 0.0942809042
0.0581238194 0.135622245 0.0774984258
0.0485642931 0.145692879 0.0647523908
0.0168358757 -0.151522882 0.067343503
0.0205152485 -0.143606739 0.082060994
0.025717225 -0.128586125 0.1028689
0.0326860225 -0.0980580676 0.13074409
0.0392837101 -0.0392837101 0.15713484
0.0392837101 0.0392837101 0.15713484
0.0326860225 0.0980580676 0.13074409
0.025717225 0.128586125 0.1028689
0.0205152485 0.143606739 0.082060994
0.0168358757 0.151522882 0.067343503
-0.0168358757 -0.151522882 0.067343503
-0.0205152485 -0.143606739 0.082060994
-0.025717225 -0.128586125 0.1028689
-0.0326860225 -0.0980580676 0.13074409
-0.0392837101 -0.0392837101 0.15713484
-0.0392837101 0.0392837101 0.15713484
-0.0326860225 0.0980580676 0.13074409
-0.025717225 0.128586125 0.1028689
-0.0205152485 0.143606739 0.082060994
-0.0168358757 0.151522882 0.067343503
-0.0485642931 -0.145692879 0.0647523908
-0.0581238194 -0.135622245 0.0774984258
-0.0707106781 -0.11785113 0.0942809042
-0.0857492926 -0.0857492926 0.11433239
-0.0980580676 -0.0326860225 0.13074409
-0.0980580676 0.0326860225 0.13074409
-0.0857492926 0.0857492926 0.11433239
-0.0707106781 0.11785113 0.0942809042
-0.0581238194 0.135622245 0.0774984258
-0.0485642931 0.145692879 0.0647523908
-0.075446455 -0.135803619 0.060357164
-0.0878410461 -0.122977465 0.0702728369
-0.102576242 -0.102576242 0.082060994
-0.11785113 -0.0707106781 0.0942809042
-0.128586125 -0.025717225 0.1028689
-0.128586125 0.025717225 0.1028689
-0.11785113 0.0707106781 0.0942809042
-0.102576242 0.102576242 0.082060994
-0.0878410461 0.122977465 0.0702728369
-0.075446455 0.135803619 0.060357164
-0.0965540203 -0.124140883 0.0551737259
-0.109268345 -0.109268345 0.0624390541
-0.122977465 -0.0878410461 0.0702728369
-0.135622245 -0.0581238194 0.0774984258
-0.143606739 -0.0205152485 0.082060994
-0.143606739 0.0205152485 0.082060994
-0.135622245 0.0581238194 0.0774984258
-0.122977465 0.0878410461 0.0702728369
-0.109268345 0.109268345 0.0624390541
-0.0965540203 0.124140883 0.0551737259
-0.112429753 -0.112429753 0.0499687793
-0.124140883 -0.0965540203 0.0551737259
-0.135803619 -0.075446455 0.060357164
-0.145692879 -0.0485642931 0.0647523908
-0.151522882 -0.0168358757 0.067343503
-0.151522882 0.0168358757 0.067343503
-0.145692879 0.0485642931 0.0647523908
-0.135803619 0.075446455 0.060357164
-0.124140883 0.0965540203 0.0551737259
-0.112429753 0.112429753 0.0499687793
-0.124169001 -0.101592819 0.0451523641
-0.134426522 -0.0855441504 0.0488823717
-0.14404027 -0.0654728501 0.0523782801
-0.151727746 -0.0413802944 0.0551737259
-0.156063697 -0.0141876088 0.0567504354
-0.156063697 0.0141876088 0.0567504354
-0.151727746 0.0413802944 0.0551737259
-0.14404027 0.0654728501 0.0523782801
-0.134426522 0.0855441504 0.0488823717
-0.124169001 0.101592819 0.0451523641
0.178256024 -0.145845838 0.0972305585
0.191601579 -0.121928278 0.104509952
0.203843562 -0.0926561646 0.111187397
0.213441395 -0.0582112894 0.116422579
0.218778253 -0.0198889321 0.119333593
0.218778253 0.0198889321 0.119333593
0.213441395 0.0582112894 0.116422579
0.203843562 0.0926561646 0.111187397
0.191601579 0.121928278 0.104509952
0.178256024 0.145845838 0.0972305585
0.159900537 -0.159900537 0.106600358
0.174633868 -0.135826342 0.116422579
0.188815806 -0.10489767 0.125877204
0.200445931 -0.0668153105 0.133630621
0.207129289 -0.0230143654 0.138086193
0.207129289 0.0230143654 0.138086193
0.200445931 0.0668153105 0.133630621
0.188815806 0.10489767 0.125877204
0.174633868 0.135826342 0.116422579
0.159900537 0.159900537 0.106600358
0.135826342 -0.174633868 0.116422579
0.151176974 -0.151176974 0.129580264
0.166855953 -0.119182824 0.143019388
0.180498718 -0.0773565935 0.154713187
0.188707353 -0.0269581933 0.16174916
0.188707353 0.0269581933 0.16174916
0.180498718 0.0773565935 0.154713187
0.166855953 0.119182824 0.143019388
0.151176974 0.151176974 0.129580264
0.135826342 0.174633868 0.116422579
0.10489767 -0.188815806 0.125877204
0.119182824 -0.166855953 0.143019388
0.134790967 -0.134790967 0.16174916
0.149403576 -0.0896421457 0.179284291
0.158750159 -0.0317500318 0.190500191
0.158750159 0.0317500318 0.190500191
0.149403576 0.0896421457 0.179284291
0.134790967 0.134790967 0.16174916
0.119182824 0.166855953 0.143019388
0.10489767 0.188815806 0.125877204
0.0668153105 -0.200445931 0.133630621
0.0773565935 -0.180498718 0.154713187
0.0896421457 -0.149403576 0.179284291
0.102062073 -0.102062073 0.204124145
0.110581467 -0.036860489 0.221162934
0.110581467 0.036860489 0.221162934
0.102062073 0.102062073 0.204124145
0.0896421457 0.149403576 0.179284291
0.0773565935 0.180498718 0.154713187
0.0668153105 0.200445931 0.133630621
0.0230143654 -0.207129289 0.138086193
0.0269581933 -0.188707353 0.16174916
0.0317500318 -0.158750159 0.190500191
0.036860489 -0.110581467 0.221162934
0.0405553553 -0.0405553553 0.243332132
0.0405553553 0.0405553553 0.243332132
0.036860489 0.110581467 0.221162934
0.0317500318 0.158750159 0.190500191
0.0269581933 0.188707353 0.16174916
0.0230143654 0.207129289 0.138086193
-0.0230143654 -0.207129289 0.138086193
-0.0269581933 -0.188707353 0.16174916
-0.0317500318 -0.158750159 0.190500191
-0.036860489 -0.110581467 0.221162934
-0.0405553553 -0.0405553553 0.243332132
-0.0405553553 0.0405553553 0.243332132
-0.036860489 0.110581467 0.221162934
-0.0317500318 0.158750159 0.190500191
-0.0269581933 0.188707353 0.16174916
-0.0230143654 0.207129289 0.138086193
-0.0668153105 -0.200445931 0.133630621
-0.0773565935 -0.180498718 0.154713187
-0.0896421457 -0.149403576 0.179284291
-0.102062073 -0.102062073 0.204124145
-0.110581467 -0.036860489 0.221162934
-0.110581467 0.036860489 0.221162934
-0.102062073 0.102062073 0.204124145
-0.0896421457 0.149403576 0.179284291
-0.0773565935 0.180498718 0.154713187
-0.0668153105 0.200445931 0.133630621
-0.10489767 -0.188815806 0.125877204
-0.119182824 -0.166855953 0.143019388
-0.134790967 -0.134790967 0.16174916
-0.149403576 -0.0896421457 0.179284291
-0.158750159 -0.0317500318 0.190500191
-0.158750159 0.0317500318 0.190500191
-0.149403576 0.0896421457 0.179284291
-0.134790967 0.134790967 0.16174916
-0.119182824 0.166855953 0.143019388
-0.10489767 0.188815806 0.125877204
-0.135826342 -0.174633868 0.116422579
-0.151176974 -0.151176974 0.129580264
-0.166855953 -0.119182824 0.143019388
-0.180498718 -0.0773565935 0.154713187
-0.188707353 -0.0269581933 0.16174916
-0.188707353 0.0269581933 0.16174916
-0.180498718 0.0773565935 0.154713187
-0.166855953 0.119182824 0.143019388
-0.151176974 0.151176974 0.129580264
-0.135826342 0.174633868 0.116422579
-0.159900537 -0.159900537 0.106600358
-0.174633868 -0.135826342 0.116422579
-0.188815806 -0.10489767 0.125877204
-0.200445931 -0.0668153105 0.133630621
-0.207129289 -0.0230143654 0.138086193
-0.207129289 0.0230143654 0.138086193
-0.200445931 0.0668153105 0.133630621
-0.188815806 0.10489767 0.125877204
-0.174633868 0.135826342 0.116422579
-0.159900537 0.159900537 0.106600358
-0.178256024 -0.145845838 0.0972305585
-0.191601579 -0.121928278 0.104509952
-0.203843562 -0.0926561646 0.111187397
-0.213441395 -0.0582112894 0.116422579
-0.218778253 -0.0198889321 0.119333593
-0.218778253 0.0198889321 0.119333593
-0.213441395 0.0582112894 0.116422579
-0.203843562 0.0926561646 0.111187397
-0.191601579 0.121928278 0.104509952
-0.178256024 0.145845838 0.0972305585
0.224817758 -0.183941802 0.163503824
0.239697499 -0.152534772 0.174325453
0.253024038 -0.115010927 0.184017482
0.263251325 -0.0717958159 0.191455509
0.268853044 -0.0244411858 0.195529487
0.268853044 0.0244411858 0.195529487
0.263251325 0.0717958159 0.191455509
0.253024038 0.115010927 0.184017482
0.239697499 0.152534772 0.174325453
0.224817758 0.183941802 0.163503824
0.199557032 -0.199557032 0.177384028
0.215387448 -0.16752357 0.191455509
0.230089497 -0.127827498 0.204523997
0.241746889 -0.0805822964 0.214886124
0.248281767 -0.027586863 0.220694904
0.248281767 0.027586863 0.220694904
0.241746889 0.0805822964 0.214886124
0.230089497 0.127827498 0.204523997
0.215387448 0.16752357 0.191455509
0.199557032 0.199557032 0.177384028
0.16752357 -0.215387448 0.191455509
0.18332398 -0.18332398 0.20951312
0.198626524 -0.141876088 0.227001742
0.211250074 -0.090535746 0.241428656
0.218536689 -0.0312195271 0.249756216
0.218536689 0.0312195271 0.249756216
0.211250074 0.090535746 0.241428656
0.198626524 0.141876088 0.227001742
0.18332398 0.18332398 0.20951312
0.16752357 0.215387448 0.191455509
0.127827498 -0.230089497 0.204523997
0.141876088 -0.198626524 0.227001742
0.156097635 -0.156097635 0.249756216
0.168358757 -0.101015254 0.269374012
0.175682092 -0.0351364184 0.281091348
0.175682092 0.0351364184 0.281091348
0.168358757 0.101015254 0.269374012
0.156097635 0.156097635 0.249756216
0.141876088 0.198626524 0.227001742
0.127827498 0.230089497 0.204523997
0.0805822964 -0.241746889 0.214886124
0.090535746 -0.211250074 0.241428656
0.101015254 -0.168358757 0.269374012
0.110431526 -0.110431526 0.29448407
0.116247639 -0.0387492129 0.309993703
0.116247639 0.0387492129 0.309993703
0.110431526 0.110431526 0.29448407
0.101015254 0.168358757 0.269374012
0.090535746 0.211250074 0.241428656
0.0805822964 0.241746889 0.214886124
0.027586863 -0.248281767 0.220694904
0.0312195271 -0.218536689 0.249756216
0.0351364184 -0.175682092 0.281091348
0.0387492129 -0.116247639 0.309993703
0.041030497 -0.041030497 0.328243976
0.041030497 0.041030497 0.328243976
0.0387492129 0.116247639 0.309993703
0.0351364184 0.175682092 0.281091348
0.0312195271 0.218536689 0.249756216
0.027586863 0.248281767 0.220694904
-0.027586863 -0.248281767 0.220694904
-0.0312195271 -0.218536689 0.249756216
-0.0351364184 -0.175682092 0.281091348
-0.0387492129 -0.116247639 0.309993703
-0.041030497 -0.041030497 0.328243976
-0.041030497 0.041030497 0.328243976
-0.0387492129 0.116247639 0.309993703
-0.0351364184 0.175682092 0.281091348
-0.0312195271 0.218536689 0.249756216
-0.027586863 0.248281767 0.220694904
-0.0805822964 -0.241746889 0.214886124
-0.090535746 -0.211250074 0.241428656
-0.101015254 -0.168358757 0.269374012
-0.110431526 -0.110431526 0.29448407
-0.116247639 -0.0387492129 0.309993703
-0.116247639 0.0387492129 0.309993703
-0.110431526 0.110431526 0.29448407
-0.101015254 0.168358757 0.269374012
-0.090535746 0.211250074 0.241428656
-0.0805822964 0.241746889 0.214886124
-0.127827498 -0.230089497 0.204523997
-0.141876088 -0.198626524 0.227001742
-0.156097635 -0.156097635 0.249756216
-0.168358757 -0.101015254 0.269374012
-0.175682092 -0.0351364184 0.281091348
-0.175682092 0.0351364184 0.281091348
-0.168358757 0.101015254 0.269374012
-0.156097635 0.156097635 0.249756216
-0.141876088 0.198626524 0.227001742
-0.127827498 0.230089497 0.204523997
-0.16752357 -0.215387448 0.191455509
-0.18332398 -0.18332398 0.20951312
-0.198626524 -0.141876088 0.227001742
-0.211250074 -0.090535746 0.241428656
-0.218536689 -0.0312195271 0.249756216
-0.218536689 0.0312195271 0.249756216
-0.211250074 0.090535746 0.241428656
-0.198626524 0.141876088 0.227001742
-0.18332398 0.18332398 0.20951312
-0.16752357 0.215387448 0.191455509
-0.199557032 -0.199557032 0.177384028
-0.215387448 -0.16752357 0.191455509
-0.230089497 -0.127827498 0.204523997
-0.241746889 -0.0805822964 0.214886124
-0.248281767 -0.027586863 0.220694904
-0.248281767 0.027586863 0.220694904
-0.241746889 0.0805822964 0.214886124
-0.230089497 0.127827498 0.204523997
-0.215387448 0.16752357 0.191455509
-0.199557032 0.199557032 0.177384028
-0.224817758 -0.183941802 0.163503824
-0.239697499 -0.152534772 0.174325453
-0.253024038 -0.115010927 0.184017482
-0.263251325 -0.0717958159 0.191455509
-0.268853044 -0.0244411858 0.195529487
-0.268853044 0.0244411858 0.195529487
-0.263251325 0.0717958159 0.191455509
-0.253024038 0.115010927 0.184017482
-0.239697499 0.152534772 0.174325453
-0.224817758 0.183941802 0.163503824
0.263741196 -0.215788252 0.239764724
0.278932784 -0.177502681 0.253575258
0.29222266 -0.132828482 0.265656964
0.30221605 -0.0824225592 0.274741864
0.307613192 -0.0279648356 0.279648356
0.307613192 0.0279648356 0.279648356
0.30221605 0.0824225592 0.274741864
0.29222266 0.132828482 0.265656964
0.278932784 0.177502681 0.253575258
0.263741196 0.215788252 0.239764724
0.231675774 -0.231675774 0.257417526
0.247267678 -0.192319305 0.274741864
0.26127488 -0.145152711 0.290305423
0.272053594 -0.0906845313 0.302281771
0.277968494 -0.0308853882 0.308853882
0.277968494 0.0308853882 0.308853882
0.272053594 0.0906845313 0.302281771
0.26127488 0.145152711 0.290305423
0.247267678 0.192319305 0.274741864
0.231675774 0.231675774 0.257417526
0.192319305 -0.247267678 0.274741864
0.207278474 -0.207278474 0.296112106
0.221111929 -0.157937092 0.315874185
0.232037541 -0.0994446605 0.331482202
0.238144836 -0.0340206909 0.340206909
0.238144836 0.0340206909 0.340206909
0.232037541 0.0994446605 0.331482202
0.221111929 0.157937092 0.315874185
0.207278474 0.207278474 0.296112106
0.192319305 0.247267678 0.274741864
0.145152711 -0.26127488 0.290305423
0.157937092 -0.221111929 0.315874185
0.170103454 -0.170103454 0.340206909
0.179972589 -0.107983553 0.359945177
0.185598085 -0.0371196169 0.371196169
0.185598085 0.0371196169 0.371196169
0.179972589 0.107983553 0.359945177
0.170103454 0.170103454 0.340206909
0.157937092 0.221111929 0.315874185
0.145152711 0.26127488 0.290305423
0.0906845313 -0.272053594 0.302281771
0.0994446605 -0.232037541 0.331482202
0.107983553 -0.179972589 0.359945177
0.115071827 -0.115071827 0.383572757
0.119182824 -0.0397276079 0.397276079
0.119182824 0.0397276079 0.397276079
0.115071827 0.115071827 0.383572757
0.107983553 0.179972589 0.359945177
0.0994446605 0.232037541 0.331482202
0.0906845313 0.272053594 0.302281771
0.0308853882 -0.277968494 0.308853882
0.0340206909 -0.238144836 0.340206909
0.0371196169 -0.185598085 0.371196169
0.0397276079 -0.119182824 0.397276079
0.0412561476 -0.0412561476 0.412561476
0.0412561476 0.0412561476 0.412561476
0.0397276079 0.119182824 0.397276079
0.0371196169 0.185598085 0.371196169
0.0340206909 0.238144836 0.340206909
0.0308853882 0.277968494 0.308853882
-0.0308853882 -0.277968494 0.308853882
-0.0340206909 -0.238144836 0.340206909
-0.0371196169 -0.185598085 0.371196169
-0.0397276079 -0.119182824 0.397276079
-0.0412561476 -0.0412561476 0.412561476
-0.0412561476 0.0412561476 0.412561476
-0.0397276079 0.119182824 0.397276079
-0.0371196169 0.185598085 0.371196169
-0.0340206909 0.238144836 0.340206909
-0.0308853882 0.277968494 0.308853882
-0.0906845313 -0.272053594 0.302281771
-0.0994446605 -0.232037541 0.331482202
-0.107983553 -0.179972589 0.359945177
-0.115071827 -0.115071827 0.383572757
-0.119182824 -0.0397276079 0.397276079
-0.119182824 0.0397276079 0.397276079
-0.115071827 0.115071827 0.383572757
-0.107983553 0.179972589 0.359945177
-0.0994446605 0.232037541 0.331482202
-0.0906845313 0.272053594 0.302281771
-0.145152711 -0.26127488 0.290305423
-0.157937092 -0.221111929 0.315874185
-0.170103454 -0.170103454 0.340206909
-0.179972589 -0.107983553 0.359945177
-0.185598085 -0.0371196169 0.371196169
-0.185598085 0.0371196169 0.371196169
-0.179972589 0.107983553 0.359945177
-0.170103454 0.170103454 0.340206909
-0.157937092 0.221111929 0.315874185
-0.145152711 0.26127488 0.290305423
-0.192319305 -0.247267678 0.274741864
-0.207278474 -0.207278474 0.296112106
-0.221111929 -0.157937092 0.315874185
-0.232037541 -0.0994446605 0.331482202
-0.238144836 -0.0340206909 0.340206909
-0.238144836 0.0340206909 0.340206909
-0.232037541 0.0994446605 0.331482202
-0.221111929 0.157937092 0.315874185
-0.207278474 0.207278474 0.296112106
-0.192319305 0.247267678 0.274741864
-0.231675774 -0.231675774 0.257417526
-0.247267678 -0.192319305 0.274741864
-0.26127488 -0.145152711 0.290305423
-0.272053594 -0.0906845313 0.302281771
-0.277968494 -0.0308853882 0.308853882
-0.277968494 0.0308853882 0.308853882
-0.272053594 0.0906845313 0.302281771
-0.26127488 0.145152711 0.290305423
-0.247267678 0.192319305 0.274741864
-0.231675774 0.231675774 0.257417526
-0.263741196 -0.215788252 0.239764724
-0.278932784 -0.177502681 0.253575258
-0.29222266 -0.132828482 0.265656964
-0.30221605 -0.0824225592 0.274741864
-0.307613192 -0.0279648356 0.279648356
-0.307613192 0.0279648356 0.279648356
-0.30221605 0.0824225592 0.274741864
-0.29222266 0.132828482 0.265656964
-0.278932784 0.177502681 0.253575258
-0.263741196 0.215788252 0.239764724
0.295681832 -0.241921499 0.322561998
0.310382956 -0.197516427 0.338599589
0.322971121 -0.146805055 0.352332132
0.332267151 -0.090618314 0.362473256
0.337226637 -0.030656967 0.367883604
0.337226637 0.030656967 0.367883604
0.332267151 0.090618314 0.362473256
0.322971121 0.146805055 0.352332132
0.310382956 0.197516427 0.338599589
0.295681832 0.241921499 0.322561998
0.257247878 -0.257247878 0.34299717
0.271854942 -0.211442733 0.362473256
0.284604989 -0.158113883 0.379473319
0.294174203 -0.0980580676 0.39223227
0.299335547 -0.0332595053 0.399114063
0.299335547 0.0332595053 0.399114063
0.294174203 0.0980580676 0.39223227
0.284604989 0.158113883 0.379473319
0.271854942 0.211442733 0.362473256
0.257247878 0.257247878 0.34299717
0.211442733 -0.271854942 0.362473256
0.224988521 -0.224988521 0.385694608
0.237049912 -0.169321365 0.406371277
0.246259141 -0.105539632 0.422158527
0.251285356 -0.0358979079 0.430774895
0.251285356 0.0358979079 0.430774895
0.246259141 0.105539632 0.422158527
0.237049912 0.169321365 0.406371277
0.224988521 0.224988521 0.385694608
0.211442733 0.271854942 0.362473256
0.158113883 -0.284604989 0.379473319
0.169321365 -0.237049912 0.406371277
0.17948954 -0.17948954 0.430774895
0.187382922 -0.112429753 0.449719013
0.191741247 -0.0383482494 0.460178993
0.191741247 0.0383482494 0.460178993
0.187382922 0.112429753 0.449719013
0.17948954 0.17948954 0.430774895
0.169321365 0.237049912 0.406371277
0.158113883 0.284604989 0.379473319
0.0980580676 -0.294174203 0.39223227
0.105539632 -0.246259141 0.422158527
0.112429753 -0.187382922 0.449719013
0.11785113 -0.11785113 0.471404521
0.120873445 -0.0402911482 0.483493778
0.120873445 0.0402911482 0.483493778
0.11785113 0.11785113 0.471404521
0.112429753 0.187382922 0.449719013
0.105539632 0.246259141 0.422158527
0.0980580676 0.294174203 0.39223227
0.0332595053 -0.299335547 0.399114063
0.0358979079 -0.251285356 0.430774895
0.0383482494 -0.191741247 0.460178993
0.0402911482 -0.120873445 0.483493778
0.0413802944 -0.0413802944 0.496563533
0.0413802944 0.0413802944 0.496563533
0.0402911482 0.120873445 0.483493778
0.0383482494 0.191741247 0.460178993
0.0358979079 0.251285356 0.430774895
0.0332595053 0.299335547 0.399114063
-0.0332595053 -0.299335547 0.399114063
-0.0358979079 -0.251285356 0.430774895
-0.0383482494 -0.191741247 0.460178993
-0.0402911482 -0.120873445 0.483493778
-0.0413802944 -0.0413802944 0.496563533
-0.0413802944 0.0413802944 0.496563533
-0.0402911482 0.120873445 0.483493778
-0.0383482494 0.191741247 0.460178993
-0.0358979079 0.251285356 0.430774895
-0.0332595053 0.299335547 0.399114063
-0.0980580676 -0.294174203 0.39223227
-0.105539632 -0.246259141 0.422158527
-0.112429753 -0.187382922 0.449719013
-0.11785113 -0.11785113 0.471404521
-0.120873445 -0.0402911482 0.483493778
-0.120873445 0.0402911482 0.483493778
-0.11785113 0.11785113 0.471404521
-0.112429753 0.187382922 0.449719013
-0.105539632 0.246259141 0.422158527
-0.0980580676 0.294174203 0.39223227
-0.158113883 -0.284604989 0.379473319
-0.169321365 -0.237049912 0.406371277
-0.17948954 -0.17948954 0.430774895
-0.187382922 -0.112429753 0.449719013
-0.191741247 -0.0383482494 0.460178993
-0.191741247 0.0383482494 0.460178993
-0.187382922 0.112429753 0.449719013
-0.17948954 0.17948954 0.430774895
-0.169321365 0.237049912 0.406371277
-0.158113883 0.284604989 0.379473319
-0.211442733 -0.271854942 0.362473256
-0.224988521 -0.224988521 0.385694608
-0.237049912 -0.169321365 0.406371277
-0.246259141 -0.105539632 0.422158527
-0.251285356 -0.0358979079 0.430774895
-0.251285356 0.0358979079 0.430774895
-0.246259141 0.105539632 0.422158527
-0.237049912 0.169321365 0.406371277
-0.224988521 0.224988521 0.385694608
-0.211442733 0.271854942 0.362473256
-0.257247878 -0.257247878 0.34299717
-0.271854942 -0.211442733 0.362473256
-0.284604989 -0.158113883 0.379473319
-0.294174203 -0.0980580676 0.39223227
-0.299335547 -0.0332595053 0.399114063
-0.299335547 0.0332595053 0.399114063
-0.294174203 0.0980580676 0.39223227
-0.284604989 0.158113883 0.379473319
-0.271854942 0.211442733 0.362473256
-0.257247878 0.257247878 0.34299717
-0.295681832 -0.241921499 0.322561998
-0.310382956 -0.197516427 0.338599589
-0.322971121 -0.146805055 0.352332132
-0.332267151 -0.090618314 0.362473256
-0.337226637 -0.030656967 0.367883604
-0.337226637 0.030656967 0.367883604
-0.332267151 0.090618314 0.362473256
-0.322971121 0.146805055 0.352332132
-0.310382956 0.197516427 0.338599589
-0.295681832 0.241921499 0.322561998
0.321638437 -0.263158721 0.409358011
0.33540454 -0.213439253 0.426878505
0.346973595 -0.157715271 0.441602758
0.355386298 -0.0969235357 0.452309833
0.359828799 -0.032711709 0.457963926
0.359828799 0.032711709 0.457963926
0.355386298 0.0969235357 0.452309833
0.346973595 0.157715271 0.441602758
0.33540454 0.213439253 0.426878505
0.321638437 0.263158721 0.409358011
0.277471122 -0.277471122 0.431621745
0.290770607 -0.226154917 0.452309833
0.302103552 -0.167835307 0.469938859
0.310439008 -0.103479669 0.482905123
0.314874076 -0.0349860084 0.489804118
0.314874076 0.0349860084 0.489804118
0.310439008 0.103479669 0.482905123
0.302103552 0.167835307 0.469938859
0.290770607 0.226154917 0.452309833
0.277471122 0.277471122 0.431621745
0.226154917 -0.290770607 0.452309833
0.238144836 -0.238144836 0.476289672
0.248503753 -0.177502681 0.497007506
0.25621112 -0.109804766 0.512422241
0.260343825 -0.0371919749 0.520687649
0.260343825 0.0371919749 0.520687649
0.25621112 0.109804766 0.512422241
0.248503753 0.177502681 0.497007506
0.238144836 0.238144836 0.476289672
0.226154917 0.290770607 0.452309833
0.167835307 -0.302103552 0.469938859
0.177502681 -0.248503753 0.497007506
0.185959875 -0.185959875 0.520687649
0.192319305 -0.115391583 0.538494053
0.195753849 -0.0391507699 0.548110778
0.195753849 0.0391507699 0.548110778
0.192319305 0.115391583 0.538494053
0.185959875 0.185959875 0.520687649
0.177502681 0.248503753 0.497007506
0.167835307 0.302103552 0.469938859
0.103479669 -0.310439008 0.482905123
0.109804766 -0.25621112 0.512422241
0.115391583 -0.192319305 0.538494053
0.119627537 -0.119627537 0.55826184
0.121928278 -0.0406427592 0.568998628
0.121928278 0.0406427592 0.568998628
0.119627537 0.119627537 0.55826184
0.115391583 0.192319305 0.538494053
0.109804766 0.25621112 0.512422241
0.103479669 0.310439008 0.482905123
0.0349860084 -0.314874076 0.489804118
0.0371919749 -0.260343825 0.520687649
0.0391507699 -0.195753849 0.548110778
0.0406427592 -0.121928278 0.568998628
0.0414556948 -0.0414556948 0.580379728
0.0414556948 0.0414556948 0.580379728
0.0406427592 0.121928278 0.568998628
0.0391507699 0.195753849 0.548110778
0.0371919749 0.260343825 0.520687649
0.0349860084 0.314874076 0.489804118
-0.0349860084 -0.314874076 0.489804118
-0.0371919749 -0.260343825 0.520687649
-0.0391507699 -0.195753849 0.548110778
-0.0406427592 -0.121928278 0.568998628
-0.0414556948 -0.0414556948 0.580379728
-0.0414556948 0.0414556948 0.580379728
-0.0406427592 0.121928278 0.568998628
-0.0391507699 0.195753849 0.548110778
-0.0371919749 0.260343825 0.520687649
-0.0349860084 0.314874076 0.489804118
-0.103479669 -0.310439008 0.482905123
-0.109804766 -0.25621112 0.512422241
-0.115391583 -0.192319305 0.538494053
-0.119627537 -0.119627537 0.55826184
-0.121928278 -0.0406427592 0.568998628
-0.121928278 0.0406427592 0.568998628
-0.119627537 0.119627537 0.55826184
-0.115391583 0.192319305 0.538494053
-0.109804766 0.25621112 0.512422241
-0.103479669 0.310439008 0.482905123
-0.167835307 -0.302103552 0.469938859
-0.177502681 -0.248503753 0.497007506
-0.185959875 -0.185959875 0.520687649
-0.192319305 -0.115391583 0.538494053
-0.195753849 -0.0391507699 0.548110778
-0.195753849 0.0391507699 0.548110778
-0.192319305 0.115391583 0.538494053
-0.185959875 0.185959875 0.520687649
-0.177502681 0.248503753 0.497007506
-0.167835307 0.302103552 0.469938859
-0.226154917 -0.290770607 0.452309833
-0.238144836 -0.238144836 0.476289672
-0.248503753 -0.177502681 0.497007506
-0.25621112 -0.109804766 0.512422241
-0.260343825 -0.0371919749 0.520687649
-0.260343825 0.0371919749 0.520687649
-0.25621112 0.109804766 0.512422241
-0.248503753 0.177502681 0.497007506
-0.238144836 0.238144836 0.476289672
-0.226154917 0.290770607 0.452309833
-0.277471122 -0.277471122 0.431621745
-0.290770607 -0.226154917 0.452309833
-0.302103552 -0.167835307 0.469938859
-0.310439008 -0.103479669 0.482905123
-0.314874076 -0.0349860084 0.489804118
-0.314874076 0.0349860084 0.489804118
-0.310439008 0.103479669 0.482905123
-0.302103552 0.167835307 0.469938859
-0.290770607 0.226154917 0.452309833
-0.277471122 0.277471122 0.431621745
-0.321638437 -0.263158721 0.409358011
-0.33540454 -0.213439253 0.426878505
-0.346973595 -0.157715271 0.441602758
-0.355386298 -0.0969235357 0.452309833
-0.359828799 -0.032711709 0.457963926
-0.359828799 0.032711709 0.457963926
-0.355386298 0.0969235357 0.452309833
-0.346973595 0.157715271 0.441602758
-0.33540454 0.213439253 0.426878505
-0.321638437 0.263158721 0.409358011
0.342664163 -0.280361588 0.498420601
0.355301161 -0.226100739 0.516801689
0.365753423 -0.166251556 0.532004979
0.373256839 -0.10179732 0.542919038
0.377185967 -0.0342896333 0.548634133
0.377185967 0.0342896333 0.548634133
0.373256839 0.10179732 0.542919038
0.365753423 0.166251556 0.532004979
0.355301161 0.226100739 0.516801689
0.342664163 0.280361588 0.498420601
0.293469593 -0.293469593 0.521723721
0.305391959 -0.237527079 0.542919038
0.315352999 -0.17519611 0.560627553
0.322561998 -0.107520666 0.573443553
0.326356976 -0.0362618862 0.580190179
0.326356976 0.0362618862 0.580190179
0.322561998 0.107520666 0.573443553
0.315352999 0.17519611 0.560627553
0.305391959 0.237527079 0.542919038
0.293469593 0.293469593 0.521723721
0.237527079 -0.305391959 0.542919038
0.248030535 -0.248030535 0.566926937
0.256891545 -0.183493961 0.587180675
0.263355236 -0.11286653 0.601954825
0.266775577 -0.0381107967 0.609772747
0.266775577 0.0381107967 0.609772747
0.263355236 0.11286653 0.601954825
0.256891545 0.183493961 0.587180675
0.248030535 0.248030535 0.566926937
0.237527079 0.305391959 0.542919038
0.17519611 -0.315352999 0.560627553
0.183493961 -0.256891545 0.587180675
0.190553983 -0.190553983 0.609772747
0.195740073 -0.117444044 0.626368234
0.198497111 -0.0396994223 0.635190756
0.198497111 0.0396994223 0.635190756
0.195740073 0.117444044 0.626368234
0.190553983 0.190553983 0.609772747
0.183493961 0.256891545 0.587180675
0.17519611 0.315352999 0.560627553
0.107520666 -0.322561998 0.573443553
0.11286653 -0.263355236 0.601954825
0.117444044 -0.195740073 0.626368234
0.120824419 -0.120824419 0.6443969
0.122627868 -0.040875956 0.654015295
0.122627868 0.040875956 0.654015295
0.120824419 0.120824419 0.6443969
0.117444044 0.195740073 0.626368234
0.11286653 0.263355236 0.601954825
0.107520666 0.322561998 0.573443553
0.0362618862 -0.326356976 0.580190179
0.0381107967 -0.266775577 0.609772747
0.0396994223 -0.198497111 0.635190756
0.040875956 -0.122627868 0.654015295
0.0415048538 -0.0415048538 0.66407766
0.0415048538 0.0415048538 0.66407766
0.040875956 0.122627868 0.654015295
0.0396994223 0.198497111 0.635190756
0.0381107967 0.266775577 0.609772747
0.0362618862 0.326356976 0.580190179
-0.0362618862 -0.326356976 0.580190179
-0.0381107967 -0.266775577 0.609772747
-0.0396994223 -0.198497111 0.635190756
-0.040875956 -0.122627868 0.654015295
-0.0415048538 -0.0415048538 0.66407766
-0.0415048538 0.0415048538 0.66407766
-0.040875956 0.122627868 0.654015295
-0.0396994223 0.198497111 0.635190756
-0.0381107967 0.266775577 0.609772747
-0.0362618862 0.326356976 0.580190179
-0.107520666 -0.322561998 0.573443553
-0.11286653 -0.263355236 0.601954825
-0.117444044 -0.195740073 0.626368234
-0.120824419 -0.120824419 0.6443969
-0.122627868 -0.040875956 0.654015295
-0.122627868 0.040875956 0.654015295
-0.120824419 0.120824419 0.6443969
-0.117444044 0.195740073 0.626368234
-0.11286653 0.263355236 0.601954825
-0.107520666 0.322561998 0.573443553
-0.17519611 -0.315352999 0.560627553
-0.183493961 -0.256891545 0.587180675
-0.190553983 -0.190553983 0.609772747
-0.195740073 -0.117444044 0.626368234
-0.198497111 -0.0396994223 0.635190756
-0.198497111 0.0396994223 0.635190756
-0.195740073 0.117444044 0.626368234
-0.190553983 0.190553983 0.609772747
-0.183493961 0.256891545 0.587180675
-0.17519611 0.315352999 0.560627553
-0.237527079 -0.305391959 0.542919038
-0.248030535 -0.248030535 0.566926937
-0.256891545 -0.183493961 0.587180675
-0.263355236 -0.11286653 0.601954825
-0.266775577 -0.0381107967 0.609772747
-0.266775577 0.0381107967 0.609772747
-0.263355236 0.11286653 0.601954825
-0.256891545 0.183493961 0.587180675
-0.248030535 0.248030535 0.566926937
-0.237527079 0.305391959 0.542919038
-0.293469593 -0.293469593 0.521723721
-0.305391959 -0.237527079 0.542919038
-0.315352999 -0.17519611 0.560627553
-0.322561998 -0.107520666 0.573443553
-0.326356976 -0.0362618862 0.580190179
-0.326356976 0.0362618862 0.580190179
-0.322561998 0.107520666 0.573443553
-0.315352999 0.17519611 0.560627553
-0.305391959 0.237527079 0.542919038
-0.293469593 0.293469593 0.521723721
-0.342664163 -0.280361588 0.498420601
-0.355301161 -0.226100739 0.516801689
-0.365753423 -0.166251556 0.532004979
-0.373256839 -0.10179732 0.542919038
-0.377185967 -0.0342896333 0.548634133
-0.377185967 0.0342896333 0.548634133
-0.373256839 0.10179732 0.542919038
-0.365753423 0.166251556 0.532004979
-0.355301161 0.226100739 0.516801689
-0.342664163 0.280361588 0.498420601
0.359717094 -0.294313986 0.588627972
0.371185048 -0.236208667 0.607393715
0.380544123 -0.172974602 0.622708565
0.387191685 -0.105597732 0.633586394
0.390648822 -0.0355135293 0.639243527
0.390648822 0.0355135293 0.639243527
0.387191685 0.105597732 0.633586394
0.380544123 0.172974602 0.622708565
0.371185048 0.236208667 0.607393715
0.359717094 0.294313986 0.588627972
0.306186218 -0.306186218 0.612372436
0.316793197 -0.246394709 0.633586394
0.325513905 -0.180841058 0.65102781
0.331744401 -0.110581467 0.663488803
0.334996875 -0.037221875 0.66999375
0.334996875 0.037221875 0.66999375
0.331744401 0.110581467 0.663488803
0.325513905 0.180841058 0.65102781
0.316793197 0.246394709 0.633586394
0.306186218 0.306186218 0.612372436
0.246394709 -0.316793197 0.633586394
0.255566001 -0.255566001 0.657169718
0.263158721 -0.187970515 0.676693855
0.268613368 -0.115120015 0.690720089
0.271471037 -0.0387815767 0.698068381
0.271471037 0.0387815767 0.698068381
0.268613368 0.115120015 0.690720089
0.263158721 0.187970515 0.676693855
0.255566001 0.255566001 0.657169718
0.246394709 0.316793197 0.633586394
0.180841058 -0.325513905 0.65102781
0.187970515 -0.263158721 0.676693855
0.193907884 -0.193907884 0.698068381
0.198193658 -0.118916195 0.71349717
0.200445931 -0.0400891863 0.721605353
0.200445931 0.0400891863 0.721605353
0.198193658 0.118916195 0.71349717
0.193907884 0.193907884 0.698068381
0.187970515 0.263158721 0.676693855
0.180841058 0.325513905 0.65102781
0.110581467 -0.331744401 0.663488803
0.115120015 -0.268613368 0.690720089
0.118916195 -0.198193658 0.71349717
0.121666066 -0.121666066 0.729996395
0.123114522 -0.0410381741 0.738687134
0.123114522 0.0410381741 0.738687134
0.121666066 0.121666066 0.729996395
0.118916195 0.198193658 0.71349717
0.115120015 0.268613368 0.690720089
0.110581467 0.331744401 0.663488803
0.037221875 -0.334996875 0.66999375
0.0387815767 -0.271471037 0.698068381
0.0400891863 -0.200445931 0.721605353
0.0410381741 -0.123114522 0.738687134
0.0415386582 -0.0415386582 0.747695847
0.0415386582 0.0415386582 0.747695847
0.0410381741 0.123114522 0.738687134
0.0400891863 0.200445931 0.721605353
0.0387815767 0.271471037 0.698068381
0.037221875 0.334996875 0.66999375
-0.037221875 -0.334996875 0.66999375
-0.0387815767 -0.271471037 0.698068381
-0.0400891863 -0.200445931 0.721605353
-0.0410381741 -0.123114522 0.738687134
-0.0415386582 -0.0415386582 0.747695847
-0.0415386582 0.0415386582 0.747695847
-0.0410381741 0.123114522 0.738687134
-0.0400891863 0.200445931 0.721605353
-0.0387815767 0.271471037 0.698068381
-0.037221875 0.334996875 0.66999375
-0.110581467 -0.331744401 0.663488803
-0.115120015 -0.268613368 0.690720089
-0.118916195 -0.198193658 0.71349717
-0.121666066 -0.121666066 0.729996395
-0.123114522 -0.0410381741 0.738687134
-0.123114522 0.0410381741 0.738687134
-0.121666066 0.121666066 0.729996395
-0.118916195 0.198193658 0.71349717
-0.115120015 0.268613368 0.690720089
-0.110581467 0.331744401 0.663488803
-0.180841058 -0.325513905 0.65102781
-0.187970515 -0.263158721 0.676693855
-0.193907884 -0.193907884 0.698068381
-0.198193658 -0.118916195 0.71349717
-0.200445931 -0.0400891863 0.721605353
-0.200445931 0.0400891863 0.721605353
-0.198193658 0.118916195 0.71349717
-0.193907884 0.193907884 0.698068381
-0.187970515 0.263158721 0.676693855
-0.180841058 0.325513905 0.65102781
-0.246394709 -0.316793197 0.633586394
-0.255566001 -0.255566001 0.657169718
-0.263158721 -0.187970515 0.676693855
-0.268613368 -0.115120015 0.690720089
-0.271471037 -0.0387815767 0.698068381
-0.271471037 0.0387815767 0.698068381
-0.268613368 0.115120015 0.690720089
-0.263158721 0.187970515 0.676693855
-0.255566001 0.255566001 0.657169718
-0.246394709 0.316793197 0.633586394
-0.306186218 -0.306186218 0.612372436
-0.316793197 -0.246394709 0.633586394
-0.325513905 -0.180841058 0.65102781
-0.331744401 -0.110581467 0.663488803
-0.334996875 -0.037221875 0.66999375
-0.334996875 0.037221875 0.66999375
-0.331744401 0.110581467 0.663488803
-0.325513905 0.180841058 0.65102781
-0.316793197 0.246394709 0.633586394
-0.306186218 0.306186218 0.612372436
-0.359717094 -0.294313986 0.588627972
-0.371185048 -0.236208667 0.607393715
-0.380544123 -0.172974602 0.622708565
-0.387191685 -0.105597732 0.633586394
-0.390648822 -0.0355135293 0.639243527
-0.390648822 0.0355135293 0.639243527
-0.387191685 0.105597732 0.633586394
-0.380544123 0.172974602 0.622708565
-0.371185048 0.236208667 0.607393715
-0.359717094 0.294313986 0.588627972
0.373605442 -0.30567718 0.679282622
0.383949416 -0.244331447 0.698089847
0.392297118 -0.178316872 0.713267488
0.398174556 -0.108593061 0.723953738
0.4012141 -0.0364740091 0.729480183
0.4012141 0.0364740091 0.729480183
0.398174556 0.108593061 0.723953738
0.392297118 0.178316872 0.713267488
0.383949416 0.244331447 0.698089847
0.373605442 0.30567718 0.679282622
0.316368405 -0.316368405 0.703040901
0.325779182 -0.253383808 0.723953738
0.333415668 -0.185230927 0.740923707
0.338815464 -0.112938488 0.752923252
0.341615639 -0.0379572932 0.759145864
0.341615639 0.0379572932 0.759145864
0.338815464 0.112938488 0.752923252
0.333415668 0.185230927 0.740923707
0.325779182 0.253383808 0.723953738
0.316368405 0.316368405 0.703040901
0.253383808 -0.325779182 0.723953738
0.261397917 -0.261397917 0.746851192
0.267933874 -0.191381338 0.765525354
0.272573766 -0.116817328 0.778782189
0.27498597 -0.0392837101 0.785674201
0.27498597 0.0392837101 0.785674201
0.272573766 0.116817328 0.778782189
0.267933874 0.191381338 0.765525354
0.261397917 0.261397917 0.746851192
0.253383808 0.325779182 0.723953738
0.185230927 -0.333415668 0.740923707
0.191381338 -0.267933874 0.765525354
0.19641855 -0.19641855 0.785674201
0.2000064 -0.12000384 0.800025601
0.20187566 -0.0403751319 0.807502639
0.20187566 0.0403751319 0.807502639
0.2000064 0.12000384 0.800025601
0.19641855 0.19641855 0.785674201
0.191381338 0.267933874 0.765525354
0.185230927 0.333415668 0.740923707
0.112938488 -0.338815464 0.752923252
0.116817328 -0.272573766 0.778782189
0.12000384 -0.2000064 0.800025601
0.122278997 -0.122278997 0.815193313
0.1234662 -0.0411553999 0.823107997
0.1234662 0.0411553999 0.823107997
0.122278997 0.122278997 0.815193313
0.12000384 0.2000064 0.800025601
0.116817328 0.272573766 0.778782189
0.112938488 0.338815464 0.752923252
0.0379572932 -0.341615639 0.759145864
0.0392837101 -0.27498597 0.785674201
0.0403751319 -0.20187566 0.807502639
0.0411553999 -0.1234662 0.823107997
0.041562889 -0.041562889 0.83125778
0.041562889 0.041562889 0.83125778
0.0411553999 0.1234662 0.823107997
0.0403751319 0.20187566 0.807502639
0.0392837101 0.27498597 0.785674201
0.0379572932 0.341615639 0.759145864
-0.0379572932 -0.341615639 0.759145864
-0.0392837101 -0.27498597 0.785674201
-0.0403751319 -0.20187566 0.807502639
-0.0411553999 -0.1234662 0.823107997
-0.041562889 -0.041562889 0.83125778
-0.041562889 0.041562889 0.83125778
-0.0411553999 0.1234662 0.823107997
-0.0403751319 0.20187566 0.807502639
-0.0392837101 0.27498597 0.785674201
-0.0379572932 0.341615639 0.759145864
-0.112938488 -0.338815464 0.752923252
-0.116817328 -0.272573766 0.778782189
-0.12000384 -0.2000064 0.800025601
-0.122278997 -0.122278997 0.815193313
-0.1234662 -0.0411553999 0.823107997
-0.1234662 0.0411553999 0.823107997
-0.122278997 0.122278997 0.815193313
-0.12000384 0.2000064 0.800025601
-0.116817328 0.272573766 0.778782189
-0.112938488 0.338815464 0.752923252
-0.185230927 -0.333415668 0.740923707
-0.191381338 -0.267933874 0.765525354
-0.19641855 -0.19641855 0.785674201
-0.2000064 -0.12000384 0.800025601
-0.20187566 -0.0403751319 0.807502639
-0.20187566 0.0403751319 0.807502639
-0.2000064 0.12000384 0.800025601
-0.19641855 0.19641855 0.785674201
-0.191381338 0.267933874 0.765525354
-0.185230927 0.333415668 0.740923707
-0.253383808 -0.325779182 0.723953738
-0.261397917 -0.261397917 0.746851192
-0.267933874 -0.191381338 0.765525354
-0.272573766 -0.116817328 0.778782189
-0.27498597 -0.0392837101 0.785674201
-0.27498597 0.0392837101 0.785674201
-0.272573766 0.116817328 0.778782189
-0.267933874 0.191381338 0.765525354
-0.261397917 0.261397917 0.746851192
-0.253383808 0.325779182 0.723953738
-0.316368405 -0.316368405 0.703040901
-0.325779182 -0.253383808 0.723953738
-0.333415668 -0.185230927 0.740923707
-0.338815464 -0.112938488 0.752923252
-0.341615639 -0.0379572932 0.759145864
-0.341615639 0.0379572932 0.759145864
-0.338815464 0.112938488 0.752923252
-0.333415668 0.185230927 0.740923707
-0.325779182 0.253383808 0.723953738
-0.316368405 0.316368405 0.703040901
-0.373605442 -0.30567718 0.679282622
-0.383949416 -0.244331447 0.698089847
-0.392297118 -0.178316872 0.713267488
-0.398174556 -0.108593061 0.723953738
-0.4012141 -0.0364740091 0.729480183
-0.4012141 0.0364740091 0.729480183
-0.398174556 0.108593061 0.723953738
-0.392297118 0.178316872 0.713267488
-0.383949416 0.244331447 0.698089847
-0.373605442 0.30567718 0.679282622
0.384983456 -0.314986464 0.769966911
0.394289535 -0.250911522 0.788579069
0.401729616 -0.182604371 0.803459232
0.406930216 -0.110980968 0.813860432
0.409607417 -0.0372370379 0.819214834
0.409607417 0.0372370379 0.819214834
0.406930216 0.110980968 0.813860432
0.401729616 0.182604371 0.803459232
0.394289535 0.250911522 0.788579069
0.384983456 0.314986464 0.769966911
0.324591909 -0.324591909 0.793446888
0.332942904 -0.258955592 0.813860432
0.339647125 -0.188692847 0.830248528
0.344348347 -0.114782782 0.841740403
0.346773365 -0.0385303739 0.847668226
0.346773365 0.0385303739 0.847668226
0.344348347 0.114782782 0.841740403
0.339647125 0.188692847 0.830248528
0.332942904 0.258955592 0.813860432
0.324591909 0.324591909 0.793446888
0.258955592 -0.332942904 0.813860432
0.265979391 -0.265979391 0.835935228
0.271639161 -0.194027972 0.853723076
0.275619434 -0.118122614 0.866232506
0.277676324 -0.0396680462 0.872697017
0.277676324 0.0396680462 0.872697017
0.275619434 0.118122614 0.866232506
0.271639161 0.194027972 0.853723076
0.265979391 0.265979391 0.835935228
0.258955592 0.332942904 0.813860432
0.188692847 -0.339647125 0.830248528
0.194027972 -0.271639161 0.853723076
0.198340231 -0.198340231 0.872697017
0.201380105 -0.120828063 0.886072463
0.202953411 -0.0405906823 0.89299501
0.202953411 0.0405906823 0.89299501
0.201380105 0.120828063 0.886072463
0.198340231 0.198340231 0.872697017
0.194027972 0.271639161 0.853723076
0.188692847 0.339647125 0.830248528
0.114782782 -0.344348347 0.841740403
0.118122614 -0.275619434 0.866232506
0.120828063 -0.201380105 0.886072463
0.122738507 -0.122738507 0.900082383
0.123728349 -0.0412427831 0.907341229
0.123728349 0.0412427831 0.907341229
0.122738507 0.122738507 0.900082383
0.120828063 0.201380105 0.886072463
0.118122614 0.275619434 0.866232506
0.114782782 0.344348347 0.841740403
0.0385303739 -0.346773365 0.847668226
0.0396680462 -0.277676324 0.872697017
0.0405906823 -0.202953411 0.89299501
0.0412427831 -0.123728349 0.907341229
0.0415808444 -0.0415808444 0.914778577
0.0415808444 0.0415808444 0.914778577
0.0412427831 0.123728349 0.907341229
0.0405906823 0.202953411 0.89299501
0.0396680462 0.277676324 0.872697017
0.0385303739 0.346773365 0.847668226
-0.0385303739 -0.346773365 0.847668226
-0.0396680462 -0.277676324 0.872697017
-0.0405906823 -0.202953411 0.89299501
-0.0412427831 -0.123728349 0.907341229
-0.0415808444 -0.0415808444 0.914778577
-0.0415808444 0.0415808444 0.914778577
-0.0412427831 0.123728349 0.907341229
-0.0405906823 0.202953411 0.89299501
-0.0396680462 0.277676324 0.872697017
-0.0385303739 0.346773365 0.847668226
-0.114782782 -0.344348347 0.841740403
-0.118122614 -0.275619434 0.866232506
-0.120828063 -0.201380105 0.886072463
-0.122738507 -0.122738507 0.900082383
-0.123728349 -0.0412427831 0.907341229
-0.123728349 0.0412427831 0.907341229
-0.122738507 0.122738507 0.900082383
-0.120828063 0.201380105 0.886072463
-0.118122614 0.275619434 0.866232506
-0.114782782 0.344348347 0.841740403
-0.188692847 -0.339647125 0.830248528
-0.194027972 -0.271639161 0.853723076
-0.198340231 -0.198340231 0.872697017
-0.201380105 -0.120828063 0.886072463
-0.202953411 -0.0405906823 0.89299501
-0.202953411 0.0405906823 0.89299501
-0.201380105 0.120828063 0.886072463
-0.198340231 0.198340231 0.872697017
-0.194027972 0.271639161 0.853723076
-0.188692847 0.339647125 0.830248528
-0.258955592 -0.332942904 0.813860432
-0.265979391 -0.265979391 0.835935228
-0.271639161 -0.194027972 0.853723076
-0.275619434 -0.118122614 0.866232506
-0.277676324 -0.0396680462 0.872697017
-0.277676324 0.0396680462 0.872697017
-0.275619434 0.118122614 0.866232506
-0.271639161 0.194027972 0.853723076
-0.265979391 0.265979391 0.835935228
-0.258955592 0.332942904 0.813860432
-0.324591909 -0.324591909 0.793446888
-0.332942904 -0.258955592 0.813860432
-0.339647125 -0.188692847 0.830248528
-0.344348347 -0.114782782 0.841740403
-0.346773365 -0.0385303739 0.847668226
-0.346773365 0.0385303739 0.847668226
-0.344348347 0.114782782 0.841740403
-0.339647125 0.188692847 0.830248528
-0.332942904 0.258955592 0.813860432
-0.324591909 0.324591909 0.793446888
-0.384983456 -0.314986464 0.769966911
-0.394289535 -0.250911522 0.788579069
-0.401729616 -0.182604371 0.803459232
-0.406930216 -0.110980968 0.813860432
-0.409607417 -0.0372370379 0.819214834
-0.409607417 0.0372370379 0.819214834
-0.406930216 0.110980968 0.813860432
-0.401729616 0.182604371 0.803459232
-0.394289535 0.250911522 0.788579069
-0.384983456 0.314986464 0.769966911
