0.0644887162 -0.0527634951 0.00128977432
0.070295118 -0.0447332569 0.00140590236
0.0758513016 -0.0344778643 0.00151702603
0.0803820231 -0.0219223699 0.00160764046
0.0829746433 -0.00754314939 0.00165949287
0.0829746433 0.00754314939 0.00165949287
0.0803820231 0.0219223699 0.00160764046
0.0758513016 0.0344778643 0.00151702603
0.070295118 0.0447332569 0.00140590236
0.0644887162 0.0527634951 0.00128977432
0.0589167646 -0.0589167646 0.00144018758
0.0657671098 -0.0511521965 0.00160764046
0.0728298144 -0.040461008 0.00178028435
0.0790356925 -0.0263452308 0.0019319836
0.0827992123 -0.00919991248 0.00202398075
0.0827992123 0.00919991248 0.00202398075
0.0790356925 0.0263452308 0.0019319836
0.0728298144 0.040461008 0.00178028435
0.0657671098 0.0511521965 0.00160764046
0.0589167646 0.0589167646 0.00144018758
0.0511521965 -0.0657671098 0.00160764046
0.0589110195 -0.0589110195 0.00185148918
0.0677889574 -0.0484206839 0.00213051009
0.0765634804 -0.0328129202 0.00240628081
0.0824558921 -0.0117794132 0.0025914709
0.0824558921 0.0117794132 0.0025914709
0.0765634804 0.0328129202 0.00240628081
0.0677889574 0.0484206839 0.00213051009
0.0589110195 0.0589110195 0.00185148918
0.0511521965 0.0657671098 0.00160764046
0.040461008 -0.0728298144 0.00178028435
0.0484206839 -0.0677889574 0.00213051009
0.0588970658 -0.0588970658 0.0025914709
0.0714069369 -0.0428441622 0.00314190523
0.0816391045 -0.0163278209 0.0035921206
0.0816391045 0.0163278209 0.0035921206
0.0714069369 0.0428441622 0.00314190523
0.0588970658 0.0588970658 0.0025914709
0.0484206839 0.0677889574 0.00213051009
0.040461008 0.0728298144 0.00178028435
0.0263452308 -0.0790356925 0.0019319836
0.0328129202 -0.0765634804 0.00240628081
0.0428441622 -0.0714069369 0.00314190523
0.0588465024 -0.0588465024 0.00431541017
0.0788663154 -0.0262887718 0.0057835298
0.0788663154 0.0262887718 0.0057835298
0.0588465024 0.0588465024 0.00431541017
0.0428441622 0.0714069369 0.00314190523
0.0328129202 0.0765634804 0.00240628081
0.0263452308 0.0790356925 0.0019319836
0.00919991248 -0.0827992123 0.00202398075
0.0117794132 -0.0824558921 0.0025914709
0.0163278209 -0.0816391045 0.0035921206
0.0262887718 -0.0788663154 0.0057835298
0.0582252511 -0.0582252511 0.0128095552
0.0582252511 0.0582252511 0.0128095552
0.0262887718 0.0788663154 0.0057835298
0.0163278209 0.0816391045 0.0035921206
0.0117794132 0.0824558921 0.0025914709
0.00919991248 0.0827992123 0.00202398075
-0.00919991248 -0.0827992123 0.00202398075
-0.0117794132 -0.0824558921 0.0025914709
-0.0163278209 -0.0816391045 0.0035921206
-0.0262887718 -0.0788663154 0.0057835298
-0.0582252511 -0.0582252511 0.0128095552
-0.0582252511 0.0582252511 0.0128095552
-0.0262887718 0.0788663154 0.0057835298
-0.0163278209 0.0816391045 0.0035921206
-0.0117794132 0.0824558921 0.0025914709
-0.00919991248 0.0827992123 0.00202398075
-0.0263452308 -0.0790356925 0.0019319836
-0.0328129202 -0.0765634804 0.00240628081
-0.0428441622 -0.0714069369 0.00314190523
-0.0588465024 -0.0588465024 0.00431541017
-0.0788663154 -0.0262887718 0.0057835298
-0.0788663154 0.0262887718 0.0057835298
-0.0588465024 0.0588465024 0.00431541017
-0.0428441622 0.0714069369 0.00314190523
-0.0328129202 0.0765634804 0.00240628081
-0.0263452308 0.0790356925 0.0019319836
-0.040461008 -0.0728298144 0.00178028435
-0.0484206839 -0.0677889574 0.00213051009
-0.0588970658 -0.0588970658 0.0025914709
-0.0714069369 -0.0428441622 0.00314190523
-0.0816391045 -0.0163278209 0.0035921206
-0.0816391045 0.0163278209 0.0035921206
-0.0714069369 0.0428441622 0.00314190523
-0.0588970658 0.0588970658 0.0025914709
-0.0484206839 0.0677889574 0.00213051009
-0.040461008 0.0728298144 0.00178028435
-0.0511521965 -0.0657671098 0.00160764046
-0.0589110195 -0.0589110195 0.00185148918
-0.0677889574 -0.0484206839 0.00213051009
-0.0765634804 -0.0328129202 0.00240628081
-0.0824558921 -0.0117794132 0.0025914709
-0.0824558921 0.0117794132 0.0025914709
-0.0765634804 0.0328129202 0.00240628081
-0.0677889574 0.0484206839 0.00213051009
-0.0589110195 0.0589110195 0.00185148918
-0.0511521965 0.0657671098 0.00160764046
-0.0589167646 -0.0589167646 0.00144018758
-0.0657671098 -0.0511521965 0.00160764046
-0.0728298144 -0.040461008 0.00178028435
-0.0790356925 -0.0263452308 0.0019319836
-0.0827992123 -0.00919991248 0.00202398075
-0.0827992123 0.00919991248 0.00202398075
-0.0790356925 0.0263452308 0.0019319836
-0.0728298144 0.040461008 0.00178028435
-0.0657671098 0.0511521965 0.00160764046
-0.0589167646 0.0589167646 0.00144018758
-0.0644887162 -0.0527634951 0.00128977432
-0.070295118 -0.0447332569 0.00140590236
-0.0758513016 -0.0344778643 0.00151702603
-0.0803820231 -0.0219223699 0.00160764046
-0.0829746433 -0.00754314939 0.00165949287
-0.0829746433 0.00754314939 0.00165949287
-0.0803820231 0.0219223699 0.00160764046
-0.0758513016 0.0344778643 0.00151702603
-0.070295118 0.0447332569 0.00140590236
-0.0644887162 0.0527634951 0.00128977432
0.128931113 -0.105489093 0.00515724453
0.140530251 -0.0894283416 0.00562121005
0.151627249 -0.0689214766 0.00606508994
0.160674374 -0.0438202838 0.00642697496
0.16585066 -0.0150773328 0.00663402641
0.16585066 0.0150773328 0.00663402641
0.160674374 0.0438202838 0.00642697496
0.151627249 0.0689214766 0.00606508994
0.140530251 0.0894283416 0.00562121005
0.128931113 0.105489093 0.00515724453
0.117780774 -0.117780774 0.00575817115
0.131460852 -0.102247329 0.00642697496
0.145560013 -0.0808666742 0.00711626733
0.157944097 -0.0526480322 0.00772171139
0.16545209 -0.0183835656 0.00808876885
0.16545209 0.0183835656 0.00808876885
0.157944097 0.0526480322 0.00772171139
0.145560013 0.0808666742 0.00711626733
0.131460852 0.102247329 0.00642697496
0.117780774 0.117780774 0.00575817115
0.102247329 -0.131460852 0.00642697496
0.117734894 -0.117734894 0.00740047907
0.135445184 -0.09674656 0.00851369728
0.152935806 -0.065543917 0.00961310783
0.164673083 -0.0235247262 0.0103508795
0.164673083 0.0235247262 0.0103508795
0.152935806 0.065543917 0.00961310783
0.135445184 0.09674656 0.00851369728
0.117734894 0.117734894 0.00740047907
0.102247329 0.131460852 0.00642697496
0.0808666742 -0.145560013 0.00711626733
0.09674656 -0.135445184 0.00851369728
0.117623631 -0.117623631 0.0103508795
0.142510328 -0.085506197 0.0125409089
0.162825027 -0.0325650054 0.0143286024
0.162825027 0.0325650054 0.0143286024
0.142510328 0.085506197 0.0125409089
0.117623631 0.117623631 0.0103508795
0.09674656 0.135445184 0.00851369728
0.0808666742 0.145560013 0.00711626733
0.0526480322 -0.157944097 0.00772171139
0.065543917 -0.152935806 0.00961310783
0.085506197 -0.142510328 0.0125409089
0.11722242 -0.11722242 0.0171926216
0.156605212 -0.0522017372 0.0229687644
0.156605212 0.0522017372 0.0229687644
0.11722242 0.11722242 0.0171926216
0.085506197 0.142510328 0.0125409089
0.065543917 0.152935806 0.00961310783
0.0526480322 0.157944097 0.00772171139
0.0183835656 -0.16545209 0.00808876885
0.0235247262 -0.164673083 0.0103508795
0.0325650054 -0.162825027 0.0143286024
0.0522017372 -0.156605212 0.0229687644
0.112530444 -0.112530444 0.0495133952
0.112530444 0.112530444 0.0495133952
0.0522017372 0.156605212 0.0229687644
0.0325650054 0.162825027 0.0143286024
0.0235247262 0.164673083 0.0103508795
0.0183835656 0.16545209 0.00808876885
-0.0183835656 -0.16545209 0.00808876885
-0.0235247262 -0.164673083 0.0103508795
-0.0325650054 -0.162825027 0.0143286024
-0.0522017372 -0.156605212 0.0229687644
-0.112530444 -0.112530444 0.0495133952
-0.112530444 0.112530444 0.0495133952
-0.0522017372 0.156605212 0.0229687644
-0.0325650054 0.162825027 0.0143286024
-0.0235247262 0.164673083 0.0103508795
-0.0183835656 0.16545209 0.00808876885
-0.0526480322 -0.157944097 0.00772171139
-0.065543917 -0.152935806 0.00961310783
-0.085506197 -0.142510328 0.0125409089
-0.11722242 -0.11722242 0.0171926216
-0.156605212 -0.0522017372 0.0229687644
-0.156605212 0.0522017372 0.0229687644
-0.11722242 0.11722242 0.0171926216
-0.085506197 0.142510328 0.0125409089
-0.065543917 0.152935806 0.00961310783
-0.0526480322 0.157944097 0.00772171139
-0.0808666742 -0.145560013 0.00711626733
-0.09674656 -0.135445184 0.00851369728
-0.117623631 -0.117623631 0.0103508795
-0.142510328 -0.085506197 0.0125409089
-0.162825027 -0.0325650054 0.0143286024
-0.162825027 0.0325650054 0.0143286024
-0.142510328 0.085506197 0.0125409089
-0.117623631 0.117623631 0.0103508795
-0.09674656 0.135445184 0.00851369728
-0.0808666742 0.145560013 0.00711626733
-0.102247329 -0.131460852 0.00642697496
-0.117734894 -0.117734894 0.00740047907
-0.135445184 -0.09674656 0.00851369728
-0.152935806 -0.065543917 0.00961310783
-0.164673083 -0.0235247262 0.0103508795
-0.164673083 0.0235247262 0.0103508795
-0.152935806 0.065543917 0.00961310783
-0.135445184 0.09674656 0.00851369728
-0.117734894 0.117734894 0.00740047907
-0.102247329 0.131460852 0.00642697496
-0.117780774 -0.117780774 0.00575817115
-0.131460852 -0.102247329 0.00642697496
-0.145560013 -0.0808666742 0.00711626733
-0.157944097 -0.0526480322 0.00772171139
-0.16545209 -0.0183835656 0.00808876885
-0.16545209 0.0183835656 0.00808876885
-0.157944097 0.0526480322 0.00772171139
-0.145560013 0.0808666742 0.00711626733
-0.131460852 0.102247329 0.00642697496
-0.117780774 0.117780774 0.00575817115
-0.128931113 -0.105489093 0.00515724453
-0.140530251 -0.0894283416 0.00562121005
-0.151627249 -0.0689214766 0.00606508994
-0.160674374 -0.0438202838 0.00642697496
-0.16585066 -0.0150773328 0.00663402641
-0.16585066 0.0150773328 0.00663402641
-0.160674374 0.0438202838 0.00642697496
-0.151627249 0.0689214766 0.00606508994
-0.140530251 0.0894283416 0.00562121005
-0.128931113 0.105489093 0.00515724453
0.193281038 -0.158139031 0.0115968623
0.21064567 -0.134047245 0.0126387402
0.22725286 -0.103296755 0.0136351716
0.24078788 -0.0656694219 0.0144472728
0.24853001 -0.0225936373 0.0149118006
0.24853001 0.0225936373 0.0149118006
0.24078788 0.0656694219 0.0144472728
0.22725286 0.103296755 0.0136351716
0.21064567 0.134047245 0.0126387402
0.193281038 0.158139031 0.0115968623
0.176539507 -0.176539507 0.0129462305
0.197008266 -0.153228651 0.0144472728
0.218091662 -0.121162034 0.0159933885
0.236598946 -0.0788663154 0.0173505894
0.247813588 -0.0275348432 0.0181729965
0.247813588 0.0275348432 0.0181729965
0.236598946 0.0788663154 0.0173505894
0.218091662 0.121162034 0.0159933885
0.197008266 0.153228651 0.0144472728
0.176539507 0.176539507 0.0129462305
0.153228651 -0.197008266 0.0144472728
0.176385123 -0.176385123 0.0166305973
0.202837244 -0.144883746 0.0191246545
0.228928201 -0.098112086 0.0215846589
0.246416312 -0.0352023302 0.023233538
0.246416312 0.0352023302 0.023233538
0.228928201 0.098112086 0.0215846589
0.202837244 0.144883746 0.0191246545
0.176385123 0.176385123 0.0166305973
0.153228651 0.197008266 0.0144472728
0.121162034 -0.218091662 0.0159933885
0.144883746 -0.202837244 0.0191246545
0.176011651 -0.176011651 0.023233538
0.213013038 -0.127807823 0.028117721
0.243117055 -0.0486234111 0.0320914513
0.243117055 0.0486234111 0.0320914513
0.213013038 0.127807823 0.028117721
0.176011651 0.176011651 0.023233538
0.144883746 0.202837244 0.0191246545
0.121162034 0.218091662 0.0159933885
0.0788663154 -0.236598946 0.0173505894
0.098112086 -0.228928201 0.0215846589
0.127807823 -0.213013038 0.028117721
0.174675753 -0.174675753 0.0384286657
0.232168102 -0.0773893674 0.0510769825
0.232168102 0.0773893674 0.0510769825
0.174675753 0.174675753 0.0384286657
0.127807823 0.213013038 0.028117721
0.098112086 0.228928201 0.0215846589
0.0788663154 0.236598946 0.0173505894
0.0275348432 -0.247813588 0.0181729965
0.0352023302 -0.246416312 0.023233538
0.0486234111 -0.243117055 0.0320914513
0.0773893674 -0.232168102 0.0510769825
0.160190599 -0.160190599 0.105725795
0.160190599 0.160190599 0.105725795
0.0773893674 0.232168102 0.0510769825
0.0486234111 0.243117055 0.0320914513
0.0352023302 0.246416312 0.023233538
0.0275348432 0.247813588 0.0181729965
-0.0275348432 -0.247813588 0.0181729965
-0.0352023302 -0.246416312 0.023233538
-0.0486234111 -0.243117055 0.0320914513
-0.0773893674 -0.232168102 0.0510769825
-0.160190599 -0.160190599 0.105725795
-0.160190599 0.160190599 0.105725795
-0.0773893674 0.232168102 0.0510769825
-0.0486234111 0.243117055 0.0320914513
-0.0352023302 0.246416312 0.023233538
-0.0275348432 0.247813588 0.0181729965
-0.0788663154 -0.236598946 0.0173505894
-0.098112086 -0.228928201 0.0215846589
-0.127807823 -0.213013038 0.028117721
-0.174675753 -0.174675753 0.0384286657
-0.232168102 -0.0773893674 0.0510769825
-0.232168102 0.0773893674 0.0510769825
-0.174675753 0.174675753 0.0384286657
-0.127807823 0.213013038 0.028117721
-0.098112086 0.228928201 0.0215846589
-0.0788663154 0.236598946 0.0173505894
-0.121162034 -0.218091662 0.0159933885
-0.144883746 -0.202837244 0.0191246545
-0.176011651 -0.176011651 0.023233538
-0.213013038 -0.127807823 0.028117721
-0.243117055 -0.0486234111 0.0320914513
-0.243117055 0.0486234111 0.0320914513
-0.213013038 0.127807823 0.028117721
-0.176011651 0.176011651 0.023233538
-0.144883746 0.202837244 0.0191246545
-0.121162034 0.218091662 0.0159933885
-0.153228651 -0.197008266 0.0144472728
-0.176385123 -0.176385123 0.0166305973
-0.202837244 -0.144883746 0.0191246545
-0.228928201 -0.098112086 0.0215846589
-0.246416312 -0.0352023302 0.023233538
-0.246416312 0.0352023302 0.023233538
-0.228928201 0.098112086 0.0215846589
-0.202837244 0.144883746 0.0191246545
-0.176385123 0.176385123 0.0166305973
-0.153228651 0.197008266 0.0144472728
-0.176539507 -0.176539507 0.0129462305
-0.197008266 -0.153228651 0.0144472728
-0.218091662 -0.121162034 0.0159933885
-0.236598946 -0.0788663154 0.0173505894
-0.247813588 -0.0275348432 0.0181729965
-0.247813588 0.0275348432 0.0181729965
-0.236598946 0.0788663154 0.0173505894
-0.218091662 0.121162034 0.0159933885
-0.197008266 0.153228651 0.0144472728
-0.176539507 0.176539507 0.0129462305
-0.193281038 -0.158139031 0.0115968623
-0.21064567 -0.134047245 0.0126387402
-0.22725286 -0.103296755 0.0136351716
-0.24078788 -0.0656694219 0.0144472728
-0.24853001 -0.0225936373 0.0149118006
-0.24853001 0.0225936373 0.0149118006
-0.24078788 0.0656694219 0.0144472728
-0.22725286 0.103296755 0.0136351716
-0.21064567 0.134047245 0.0126387402
-0.193281038 0.158139031 0.0115968623
0.257492668 -0.21067582 0.0205994135
0.280582155 -0.17855228 0.0224465724
0.302653899 -0.137569954 0.0242123119
0.320634361 -0.0874457349 0.0256507489
0.330915813 -0.0300832557 0.026473265
0.330915813 0.0300832557 0.026473265
0.320634361 0.0874457349 0.0256507489
0.302653899 0.137569954 0.0242123119
0.280582155 0.17855228 0.0224465724
0.257492668 0.21067582 0.0205994135
0.235140915 -0.235140915 0.0229915561
0.262337205 -0.204040048 0.0256507489
0.290327173 -0.161292874 0.0283875458
0.314876001 -0.104958667 0.0307878757
0.329741215 -0.0366379128 0.0322413633
0.329741215 0.0366379128 0.0322413633
0.314876001 0.104958667 0.0307878757
0.290327173 0.161292874 0.0283875458
0.262337205 0.204040048 0.0256507489
0.235140915 0.235140915 0.0229915561
0.204040048 -0.262337205 0.0256507489
0.234776479 -0.234776479 0.0295147574
0.269836265 -0.192740189 0.0339222733
0.304356571 -0.130438531 0.038261969
0.32745708 -0.0467795829 0.041166033
0.32745708 0.0467795829 0.041166033
0.304356571 0.130438531 0.038261969
0.269836265 0.192740189 0.0339222733
0.234776479 0.234776479 0.0295147574
0.204040048 0.262337205 0.0256507489
0.161292874 -0.290327173 0.0283875458
0.192740189 -0.269836265 0.0339222733
0.233897915 -0.233897915 0.041166033
0.282630435 -0.169578261 0.0497429566
0.322098629 -0.0644197258 0.0566893587
0.322098629 0.0644197258 0.0566893587
0.282630435 0.169578261 0.0497429566
0.233897915 0.233897915 0.041166033
0.192740189 0.269836265 0.0339222733
0.161292874 0.290327173 0.0283875458
0.104958667 -0.314876001 0.0307878757
0.130438531 -0.304356571 0.038261969
0.169578261 -0.282630435 0.0497429566
0.230789989 -0.230789989 0.0676983968
0.304651592 -0.101550531 0.0893644671
0.304651592 0.101550531 0.0893644671
0.230789989 0.230789989 0.0676983968
0.169578261 0.282630435 0.0497429566
0.130438531 0.304356571 0.038261969
0.104958667 0.314876001 0.0307878757
0.0366379128 -0.329741215 0.0322413633
0.0467795829 -0.32745708 0.041166033
0.0644197258 -0.322098629 0.0566893587
0.101550531 -0.304651592 0.0893644671
0.200121711 -0.200121711 0.176107106
0.200121711 0.200121711 0.176107106
0.101550531 0.304651592 0.0893644671
0.0644197258 0.322098629 0.0566893587
0.0467795829 0.32745708 0.041166033
0.0366379128 0.329741215 0.0322413633
-0.0366379128 -0.329741215 0.0322413633
-0.0467795829 -0.32745708 0.041166033
-0.0644197258 -0.322098629 0.0566893587
-0.101550531 -0.304651592 0.0893644671
-0.200121711 -0.200121711 0.176107106
-0.200121711 0.200121711 0.176107106
-0.101550531 0.304651592 0.0893644671
-0.0644197258 0.322098629 0.0566893587
-0.0467795829 0.32745708 0.041166033
-0.0366379128 0.329741215 0.0322413633
-0.104958667 -0.314876001 0.0307878757
-0.130438531 -0.304356571 0.038261969
-0.169578261 -0.282630435 0.0497429566
-0.230789989 -0.230789989 0.0676983968
-0.304651592 -0.101550531 0.0893644671
-0.304651592 0.101550531 0.0893644671
-0.230789989 0.230789989 0.0676983968
-0.169578261 0.282630435 0.0497429566
-0.130438531 0.304356571 0.038261969
-0.104958667 0.314876001 0.0307878757
-0.161292874 -0.290327173 0.0283875458
-0.192740189 -0.269836265 0.0339222733
-0.233897915 -0.233897915 0.041166033
-0.282630435 -0.169578261 0.0497429566
-0.322098629 -0.0644197258 0.0566893587
-0.322098629 0.0644197258 0.0566893587
-0.282630435 0.169578261 0.0497429566
-0.233897915 0.233897915 0.041166033
-0.192740189 0.269836265 0.0339222733
-0.161292874 0.290327173 0.0283875458
-0.204040048 -0.262337205 0.0256507489
-0.234776479 -0.234776479 0.0295147574
-0.269836265 -0.192740189 0.0339222733
-0.304356571 -0.130438531 0.038261969
-0.32745708 -0.0467795829 0.041166033
-0.32745708 0.0467795829 0.041166033
-0.304356571 0.130438531 0.038261969
-0.269836265 0.192740189 0.0339222733
-0.234776479 0.234776479 0.0295147574
-0.204040048 0.262337205 0.0256507489
-0.235140915 -0.235140915 0.0229915561
-0.262337205 -0.204040048 0.0256507489
-0.290327173 -0.161292874 0.0283875458
-0.314876001 -0.104958667 0.0307878757
-0.329741215 -0.0366379128 0.0322413633
-0.329741215 0.0366379128 0.0322413633
-0.314876001 0.104958667 0.0307878757
-0.290327173 0.161292874 0.0283875458
-0.262337205 0.204040048 0.0256507489
-0.235140915 0.235140915 0.0229915561
-0.257492668 -0.21067582 0.0205994135
-0.280582155 -0.17855228 0.0224465724
-0.302653899 -0.137569954 0.0242123119
-0.320634361 -0.0874457349 0.0256507489
-0.330915813 -0.0300832557 0.026473265
-0.330915813 0.0300832557 0.026473265
-0.320634361 0.0874457349 0.0256507489
-0.302653899 0.137569954 0.0242123119
-0.280582155 0.17855228 0.0224465724
-0.257492668 0.21067582 0.0205994135
0.321520675 -0.263062371 0.0321520675
0.350281241 -0.222906244 0.0350281241
0.377757232 -0.171707833 0.0377757232
0.400127108 -0.109125575 0.0400127108
0.412912913 -0.0375375375 0.0412912913
0.412912913 0.0375375375 0.0412912913
0.400127108 0.109125575 0.0400127108
0.377757232 0.171707833 0.0377757232
0.350281241 0.222906244 0.0350281241
0.321520675 0.263062371 0.0321520675
0.293533644 -0.293533644 0.0358763342
0.327376725 -0.254626342 0.0400127108
0.362170956 -0.201206087 0.0442653391
0.392654013 -0.130884671 0.047991046
0.411096242 -0.0456773602 0.0502450962
0.411096242 0.0456773602 0.0502450962
0.392654013 0.130884671 0.047991046
0.362170956 0.201206087 0.0442653391
0.327376725 0.254626342 0.0400127108
0.293533644 0.293533644 0.0358763342
0.254626342 -0.327376725 0.0400127108
0.292825621 -0.292825621 0.0460154548
0.336317142 -0.24022653 0.0528498366
0.379043687 -0.162447294 0.0595640079
0.407576758 -0.0582252511 0.0640477762
0.407576758 0.0582252511 0.0640477762
0.379043687 0.162447294 0.0595640079
0.336317142 0.24022653 0.0528498366
0.292825621 0.292825621 0.0460154548
0.254626342 0.327376725 0.0400127108
0.201206087 -0.362170956 0.0442653391
0.24022653 -0.336317142 0.0528498366
0.291126256 -0.291126256 0.0640477762
0.351095894 -0.210657536 0.0772410966
0.399387522 -0.0798775043 0.0878652548
0.399387522 0.0798775043 0.0878652548
0.351095894 0.210657536 0.0772410966
0.291126256 0.291126256 0.0640477762
0.24022653 0.336317142 0.0528498366
0.201206087 0.362170956 0.0442653391
0.130884671 -0.392654013 0.047991046
0.162447294 -0.379043687 0.0595640079
0.210657536 -0.351095894 0.0772410966
0.285197905 -0.285197905 0.104572565
0.373342307 -0.124447436 0.136892179
0.373342307 0.124447436 0.136892179
0.285197905 0.285197905 0.104572565
0.210657536 0.351095894 0.0772410966
0.162447294 0.379043687 0.0595640079
0.130884671 0.392654013 0.047991046
0.0456773602 -0.411096242 0.0502450962
0.0582252511 -0.407576758 0.0640477762
0.0798775043 -0.399387522 0.0878652548
0.124447436 -0.373342307 0.136892179
0.232560655 -0.232560655 0.255816721
0.232560655 0.232560655 0.255816721
0.124447436 0.373342307 0.136892179
0.0798775043 0.399387522 0.0878652548
0.0582252511 0.407576758 0.0640477762
0.0456773602 0.411096242 0.0502450962
-0.0456773602 -0.411096242 0.0502450962
-0.0582252511 -0.407576758 0.0640477762
-0.0798775043 -0.399387522 0.0878652548
-0.124447436 -0.373342307 0.136892179
-0.232560655 -0.232560655 0.255816721
-0.232560655 0.232560655 0.255816721
-0.124447436 0.373342307 0.136892179
-0.0798775043 0.399387522 0.0878652548
-0.0582252511 0.407576758 0.0640477762
-0.0456773602 0.411096242 0.0502450962
-0.130884671 -0.392654013 0.047991046
-0.162447294 -0.379043687 0.0595640079
-0.210657536 -0.351095894 0.0772410966
-0.285197905 -0.285197905 0.104572565
-0.373342307 -0.124447436 0.136892179
-0.373342307 0.124447436 0.136892179
-0.285197905 0.285197905 0.104572565
-0.210657536 0.351095894 0.0772410966
-0.162447294 0.379043687 0.0595640079
-0.130884671 0.392654013 0.047991046
-0.201206087 -0.362170956 0.0442653391
-0.24022653 -0.336317142 0.0528498366
-0.291126256 -0.291126256 0.0640477762
-0.351095894 -0.210657536 0.0772410966
-0.399387522 -0.0798775043 0.0878652548
-0.399387522 0.0798775043 0.0878652548
-0.351095894 0.210657536 0.0772410966
-0.291126256 0.291126256 0.0640477762
-0.24022653 0.336317142 0.0528498366
-0.201206087 0.362170956 0.0442653391
-0.254626342 -0.327376725 0.0400127108
-0.292825621 -0.292825621 0.0460154548
-0.336317142 -0.24022653 0.0528498366
-0.379043687 -0.162447294 0.0595640079
-0.407576758 -0.0582252511 0.0640477762
-0.407576758 0.0582252511 0.0640477762
-0.379043687 0.162447294 0.0595640079
-0.336317142 0.24022653 0.0528498366
-0.292825621 0.292825621 0.0460154548
-0.254626342 0.327376725 0.0400127108
-0.293533644 -0.293533644 0.0358763342
-0.327376725 -0.254626342 0.0400127108
-0.362170956 -0.201206087 0.0442653391
-0.392654013 -0.130884671 0.047991046
-0.411096242 -0.0456773602 0.0502450962
-0.411096242 0.0456773602 0.0502450962
-0.392654013 0.130884671 0.047991046
-0.362170956 0.201206087 0.0442653391
-0.327376725 0.254626342 0.0400127108
-0.293533644 0.293533644 0.0358763342
-0.321520675 -0.263062371 0.0321520675
-0.350281241 -0.222906244 0.0350281241
-0.377757232 -0.171707833 0.0377757232
-0.400127108 -0.109125575 0.0400127108
-0.412912913 -0.0375375375 0.0412912913
-0.412912913 0.0375375375 0.0412912913
-0.400127108 0.109125575 0.0400127108
-0.377757232 0.171707833 0.0377757232
-0.350281241 0.222906244 0.0350281241
-0.321520675 0.263062371 0.0321520675
0.385320381 -0.31526213 0.0462384457
0.419685462 -0.267072567 0.0503622555
0.452491176 -0.205677807 0.0542989411
0.479181347 -0.130685822 0.0575017616
0.494428415 -0.0449480377 0.0593314098
0.494428415 0.0449480377 0.0593314098
0.479181347 0.130685822 0.0575017616
0.452491176 0.205677807 0.0542989411
0.419685462 0.267072567 0.0503622555
0.385320381 0.31526213 0.0462384457
0.35166726 -0.35166726 0.0515778648
0.392057466 -0.304933584 0.0575017616
0.433530035 -0.24085002 0.0635844052
0.469815635 -0.156605212 0.0689062931
0.491744841 -0.0546383156 0.0721225766
0.491744841 0.0546383156 0.0721225766
0.469815635 0.156605212 0.0689062931
0.433530035 0.24085002 0.0635844052
0.392057466 0.304933584 0.0575017616
0.35166726 0.35166726 0.0515778648
0.304933584 -0.392057466 0.0575017616
0.350451673 -0.350451673 0.0660851726
0.402159668 -0.287256905 0.075835823
0.452821159 -0.194066211 0.0853891328
0.486569363 -0.069509909 0.0917530799
0.486569363 0.069509909 0.0917530799
0.452821159 0.194066211 0.0853891328
0.402159668 0.287256905 0.075835823
0.350451673 0.350451673 0.0660851726
0.304933584 0.392057466 0.0575017616
0.24085002 -0.433530035 0.0635844052
0.287256905 -0.402159668 0.075835823
0.347549545 -0.347549545 0.0917530799
0.418165456 -0.250899273 0.11039568
0.474643999 -0.0949287997 0.125306016
0.474643999 0.0949287997 0.125306016
0.418165456 0.250899273 0.11039568
0.347549545 0.347549545 0.0917530799
0.287256905 0.402159668 0.075835823
0.24085002 0.433530035 0.0635844052
0.156605212 -0.469815635 0.0689062931
0.194066211 -0.452821159 0.0853891328
0.250899273 -0.418165456 0.11039568
0.337591331 -0.337591331 0.148540186
0.437736563 -0.145912188 0.192604088
0.437736563 0.145912188 0.192604088
0.337591331 0.337591331 0.148540186
0.250899273 0.418165456 0.11039568
0.194066211 0.452821159 0.0853891328
0.156605212 0.469815635 0.0689062931
0.0546383156 -0.491744841 0.0721225766
0.069509909 -0.486569363 0.0917530799
0.0949287997 -0.474643999 0.125306016
0.145912188 -0.437736563 0.192604088
0.25846093 -0.25846093 0.341168427
0.25846093 0.25846093 0.341168427
0.145912188 0.437736563 0.192604088
0.0949287997 0.474643999 0.125306016
0.069509909 0.486569363 0.0917530799
0.0546383156 0.491744841 0.0721225766
-0.0546383156 -0.491744841 0.0721225766
-0.069509909 -0.486569363 0.0917530799
-0.0949287997 -0.474643999 0.125306016
-0.145912188 -0.437736563 0.192604088
-0.25846093 -0.25846093 0.341168427
-0.25846093 0.25846093 0.341168427
-0.145912188 0.437736563 0.192604088
-0.0949287997 0.474643999 0.125306016
-0.069509909 0.486569363 0.0917530799
-0.0546383156 0.491744841 0.0721225766
-0.156605212 -0.469815635 0.0689062931
-0.194066211 -0.452821159 0.0853891328
-0.250899273 -0.418165456 0.11039568
-0.337591331 -0.337591331 0.148540186
-0.437736563 -0.145912188 0.192604088
-0.437736563 0.145912188 0.192604088
-0.337591331 0.337591331 0.148540186
-0.250899273 0.418165456 0.11039568
-0.194066211 0.452821159 0.0853891328
-0.156605212 0.469815635 0.0689062931
-0.24085002 -0.433530035 0.0635844052
-0.287256905 -0.402159668 0.075835823
-0.347549545 -0.347549545 0.0917530799
-0.418165456 -0.250899273 0.11039568
-0.474643999 -0.0949287997 0.125306016
-0.474643999 0.0949287997 0.125306016
-0.418165456 0.250899273 0.11039568
-0.347549545 0.347549545 0.0917530799
-0.287256905 0.402159668 0.075835823
-0.24085002 0.433530035 0.0635844052
-0.304933584 -0.392057466 0.0575017616
-0.350451673 -0.350451673 0.0660851726
-0.402159668 -0.287256905 0.075835823
-0.452821159 -0.194066211 0.0853891328
-0.486569363 -0.069509909 0.0917530799
-0.486569363 0.069509909 0.0917530799
-0.452821159 0.194066211 0.0853891328
-0.402159668 0.287256905 0.075835823
-0.350451673 0.350451673 0.0660851726
-0.304933584 0.392057466 0.0575017616
-0.35166726 -0.35166726 0.0515778648
-0.392057466 -0.304933584 0.0575017616
-0.433530035 -0.24085002 0.0635844052
-0.469815635 -0.156605212 0.0689062931
-0.491744841 -0.0546383156 0.0721225766
-0.491744841 0.0546383156 0.0721225766
-0.469815635 0.156605212 0.0689062931
-0.433530035 0.24085002 0.0635844052
-0.392057466 0.304933584 0.0575017616
-0.35166726 0.35166726 0.0515778648
-0.385320381 -0.31526213 0.0462384457
-0.419685462 -0.267072567 0.0503622555
-0.452491176 -0.205677807 0.0542989411
-0.479181347 -0.130685822 0.0575017616
-0.494428415 -0.0449480377 0.0593314098
-0.494428415 0.0449480377 0.0593314098
-0.479181347 0.130685822 0.0575017616
-0.452491176 0.205677807 0.0542989411
-0.419685462 0.267072567 0.0503622555
-0.385320381 0.31526213 0.0462384457
0.448847909 -0.367239199 0.0628387073
0.48873858 -0.31101546 0.0684234012
0.526785836 -0.239448107 0.073750017
0.557714672 -0.152104002 0.0780800541
0.575372192 -0.0523065629 0.0805521069
0.575372192 0.0523065629 0.0805521069
0.557714672 0.152104002 0.0780800541
0.526785836 0.239448107 0.073750017
0.48873858 0.31101546 0.0684234012
0.448847909 0.367239199 0.0628387073
0.409492462 -0.409492462 0.0700687102
0.456312005 -0.354909337 0.0780800541
0.504314623 -0.28017479 0.0862938354
0.546248265 -0.182082755 0.0934691475
0.571559123 -0.0635065692 0.0978001165
0.571559123 0.0635065692 0.0978001165
0.546248265 0.182082755 0.0934691475
0.504314623 0.28017479 0.0862938354
0.456312005 0.354909337 0.0780800541
0.409492462 0.409492462 0.0700687102
0.354909337 -0.456312005 0.0780800541
0.407576758 -0.407576758 0.0896668867
0.467249547 -0.333749677 0.1027949
0.525531184 -0.22522765 0.11561686
0.564243952 -0.0806062789 0.12413367
0.564243952 0.0806062789 0.12413367
0.525531184 0.22522765 0.11561686
0.467249547 0.333749677 0.1027949
0.407576758 0.407576758 0.0896668867
0.354909337 0.456312005 0.0780800541
0.28017479 -0.504314623 0.0862938354
0.333749677 -0.467249547 0.1027949
0.403031394 -0.403031394 0.12413367
0.483621495 -0.290172897 0.14895542
0.547576604 -0.109515321 0.168653594
0.547576604 0.109515321 0.168653594
0.483621495 0.290172897 0.14895542
0.403031394 0.403031394 0.12413367
0.333749677 0.467249547 0.1027949
0.28017479 0.504314623 0.0862938354
0.182082755 -0.546248265 0.0934691475
0.22522765 -0.525531184 0.11561686
0.290172897 -0.483621495 0.14895542
0.387726494 -0.387726494 0.199032934
0.497536691 -0.165845564 0.255402168
0.497536691 0.165845564 0.255402168
0.387726494 0.387726494 0.199032934
0.290172897 0.483621495 0.14895542
0.22522765 0.525531184 0.11561686
0.182082755 0.546248265 0.0934691475
0.0635065692 -0.571559123 0.0978001165
0.0806062789 -0.564243952 0.12413367
0.109515321 -0.547576604 0.168653594
0.165845564 -0.497536691 0.255402168
0.278995106 -0.278995106 0.429652463
0.278995106 0.278995106 0.429652463
0.165845564 0.497536691 0.255402168
0.109515321 0.547576604 0.168653594
0.0806062789 0.564243952 0.12413367
0.0635065692 0.571559123 0.0978001165
-0.0635065692 -0.571559123 0.0978001165
-0.0806062789 -0.564243952 0.12413367
-0.109515321 -0.547576604 0.168653594
-0.165845564 -0.497536691 0.255402168
-0.278995106 -0.278995106 0.429652463
-0.278995106 0.278995106 0.429652463
-0.165845564 0.497536691 0.255402168
-0.109515321 0.547576604 0.168653594
-0.0806062789 0.564243952 0.12413367
-0.0635065692 0.571559123 0.0978001165
-0.182082755 -0.546248265 0.0934691475
-0.22522765 -0.525531184 0.11561686
-0.290172897 -0.483621495 0.14895542
-0.387726494 -0.387726494 0.199032934
-0.497536691 -0.165845564 0.255402168
-0.497536691 0.165845564 0.255402168
-0.387726494 0.387726494 0.199032934
-0.290172897 0.483621495 0.14895542
-0.22522765 0.525531184 0.11561686
-0.182082755 0.546248265 0.0934691475
-0.28017479 -0.504314623 0.0862938354
-0.333749677 -0.467249547 0.1027949
-0.403031394 -0.403031394 0.12413367
-0.483621495 -0.290172897 0.14895542
-0.547576604 -0.109515321 0.168653594
-0.547576604 0.109515321 0.168653594
-0.483621495 0.290172897 0.14895542
-0.403031394 0.403031394 0.12413367
-0.333749677 0.467249547 0.1027949
-0.28017479 0.504314623 0.0862938354
-0.354909337 -0.456312005 0.0780800541
-0.407576758 -0.407576758 0.0896668867
-0.467249547 -0.333749677 0.1027949
-0.525531184 -0.22522765 0.11561686
-0.564243952 -0.0806062789 0.12413367
-0.564243952 0.0806062789 0.12413367
-0.525531184 0.22522765 0.11561686
-0.467249547 0.333749677 0.1027949
-0.407576758 0.407576758 0.0896668867
-0.354909337 0.456312005 0.0780800541
-0.409492462 -0.409492462 0.0700687102
-0.456312005 -0.354909337 0.0780800541
-0.504314623 -0.28017479 0.0862938354
-0.546248265 -0.182082755 0.0934691475
-0.571559123 -0.0635065692 0.0978001165
-0.571559123 0.0635065692 0.0978001165
-0.546248265 0.182082755 0.0934691475
-0.504314623 0.28017479 0.0862938354
-0.456312005 0.354909337 0.0780800541
-0.409492462 0.409492462 0.0700687102
-0.448847909 -0.367239199 0.0628387073
-0.48873858 -0.31101546 0.0684234012
-0.526785836 -0.239448107 0.073750017
-0.557714672 -0.152104002 0.0780800541
-0.575372192 -0.0523065629 0.0805521069
-0.575372192 0.0523065629 0.0805521069
-0.557714672 0.152104002 0.0780800541
-0.526785836 0.239448107 0.073750017
-0.48873858 0.31101546 0.0684234012
-0.448847909 0.367239199 0.0628387073
0.512060336 -0.418958457 0.0819296538
0.557385803 -0.354700057 0.0891817285
0.600573409 -0.272987913 0.0960917455
0.635647457 -0.173358397 0.101703593
0.655657355 -0.0596052141 0.104905177
0.655657355 0.0596052141 0.104905177
0.635647457 0.173358397 0.101703593
0.600573409 0.272987913 0.0960917455
0.557385803 0.354700057 0.0891817285
0.512060336 0.418958457 0.0819296538
0.46696128 -0.46696128 0.0913168725
0.520075192 -0.404502927 0.101703593
0.574438649 -0.319132583 0.112334669
0.621844801 -0.2072816 0.121605206
0.650418064 -0.0722686738 0.127192866
0.650418064 0.0722686738 0.127192866
0.621844801 0.2072816 0.121605206
0.574438649 0.319132583 0.112334669
0.520075192 0.404502927 0.101703593
0.46696128 0.46696128 0.0913168725
0.404502927 -0.520075192 0.101703593
0.464126492 -0.464126492 0.116694661
0.531479297 -0.379628069 0.13362908
0.597028008 -0.255869146 0.150109899
0.640426561 -0.0914895086 0.161021535
0.640426561 0.0914895086 0.161021535
0.597028008 0.255869146 0.150109899
0.531479297 0.379628069 0.13362908
0.464126492 0.464126492 0.116694661
0.404502927 0.520075192 0.101703593
0.319132583 -0.574438649 0.112334669
0.379628069 -0.531479297 0.13362908
0.457447543 -0.457447543 0.161021535
0.547275288 -0.328365173 0.192640901
0.617945481 -0.123589096 0.217516809
0.617945481 0.123589096 0.217516809
0.547275288 0.328365173 0.192640901
0.457447543 0.457447543 0.161021535
0.379628069 0.531479297 0.13362908
0.319132583 0.574438649 0.112334669
0.2072816 -0.621844801 0.121605206
0.255869146 -0.597028008 0.150109899
0.328365173 -0.547275288 0.192640901
0.435425108 -0.435425108 0.255449397
0.552629589 -0.184209863 0.324209359
0.552629589 0.184209863 0.324209359
0.435425108 0.435425108 0.255449397
0.328365173 0.547275288 0.192640901
0.255869146 0.597028008 0.150109899
0.2072816 0.621844801 0.121605206
0.0722686738 -0.650418064 0.127192866
0.0914895086 -0.640426561 0.161021535
0.123589096 -0.617945481 0.217516809
0.184209863 -0.552629589 0.324209359
0.295274446 -0.295274446 0.519683026
0.295274446 0.295274446 0.519683026
0.184209863 0.552629589 0.324209359
0.123589096 0.617945481 0.217516809
0.0914895086 0.640426561 0.161021535
0.0722686738 0.650418064 0.127192866
-0.0722686738 -0.650418064 0.127192866
-0.0914895086 -0.640426561 0.161021535
-0.123589096 -0.617945481 0.217516809
-0.184209863 -0.552629589 0.324209359
-0.295274446 -0.295274446 0.519683026
-0.295274446 0.295274446 0.519683026
-0.184209863 0.552629589 0.324209359
-0.123589096 0.617945481 0.217516809
-0.0914895086 0.640426561 0.161021535
-0.0722686738 0.650418064 0.127192866
-0.2072816 -0.621844801 0.121605206
-0.255869146 -0.597028008 0.150109899
-0.328365173 -0.547275288 0.192640901
-0.435425108 -0.435425108 0.255449397
-0.552629589 -0.184209863 0.324209359
-0.552629589 0.184209863 0.324209359
-0.435425108 0.435425108 0.255449397
-0.328365173 0.547275288 0.192640901
-0.255869146 0.597028008 0.150109899
-0.2072816 0.621844801 0.121605206
-0.319132583 -0.574438649 0.112334669
-0.379628069 -0.531479297 0.13362908
-0.457447543 -0.457447543 0.161021535
-0.547275288 -0.328365173 0.192640901
-0.617945481 -0.123589096 0.217516809
-0.617945481 0.123589096 0.217516809
-0.547275288 0.328365173 0.192640901
-0.457447543 0.457447543 0.161021535
-0.379628069 0.531479297 0.13362908
-0.319132583 0.574438649 0.112334669
-0.404502927 -0.520075192 0.101703593
-0.464126492 -0.464126492 0.116694661
-0.531479297 -0.379628069 0.13362908
-0.597028008 -0.255869146 0.150109899
-0.640426561 -0.0914895086 0.161021535
-0.640426561 0.0914895086 0.161021535
-0.597028008 0.255869146 0.150109899
-0.531479297 0.379628069 0.13362908
-0.464126492 0.464126492 0.116694661
-0.404502927 0.520075192 0.101703593
-0.46696128 -0.46696128 0.0913168725
-0.520075192 -0.404502927 0.101703593
-0.574438649 -0.319132583 0.112334669
-0.621844801 -0.2072816 0.121605206
-0.650418064 -0.0722686738 0.127192866
-0.650418064 0.0722686738 0.127192866
-0.621844801 0.2072816 0.121605206
-0.574438649 0.319132583 0.112334669
-0.520075192 0.404502927 0.101703593
-0.46696128 0.46696128 0.0913168725
-0.512060336 -0.418958457 0.0819296538
-0.557385803 -0.354700057 0.0891817285
-0.600573409 -0.272987913 0.0960917455
-0.635647457 -0.173358397 0.101703593
-0.655657355 -0.0596052141 0.104905177
-0.655657355 0.0596052141 0.104905177
-0.635647457 0.173358397 0.101703593
-0.600573409 0.272987913 0.0960917455
-0.557385803 0.354700057 0.0891817285
-0.512060336 0.418958457 0.0819296538
0.574915823 -0.470385674 0.103484848
0.625573993 -0.398092541 0.112603319
0.673788482 -0.306267492 0.121281927
0.712903225 -0.194428152 0.128322581
0.735200682 -0.0668364256 0.132336123
0.735200682 0.0668364256 0.132336123
0.712903225 0.194428152 0.128322581
0.673788482 0.306267492 0.121281927
0.625573993 0.398092541 0.112603319
0.574915823 0.470385674 0.103484848
0.52402726 -0.52402726 0.115285997
0.583284457 -0.453665689 0.128322581
0.643820236 -0.357677909 0.141640452
0.696504307 -0.232168102 0.153230947
0.728208305 -0.0809120339 0.160205827
0.728208305 0.0809120339 0.160205827
0.696504307 0.232168102 0.153230947
0.643820236 0.357677909 0.141640452
0.583284457 0.453665689 0.128322581
0.52402726 0.52402726 0.115285997
0.453665689 -0.583284457 0.128322581
0.520030413 -0.520030413 0.147094317
0.594748995 -0.424820711 0.168229001
0.66717909 -0.285933896 0.188716371
0.714961656 -0.102137379 0.202232011
0.714961656 0.102137379 0.202232011
0.66717909 0.285933896 0.188716371
0.594748995 0.424820711 0.168229001
0.520030413 0.520030413 0.147094317
0.453665689 0.583284457 0.128322581
0.357677909 -0.643820236 0.141640452
0.424820711 -0.594748995 0.168229001
0.510686897 -0.510686897 0.202232011
0.608968478 -0.365381087 0.241151517
0.685563315 -0.137112663 0.271483073
0.685563315 0.137112663 0.271483073
0.608968478 0.365381087 0.241151517
0.510686897 0.510686897 0.202232011
0.424820711 0.594748995 0.168229001
0.357677909 0.643820236 0.141640452
0.232168102 -0.696504307 0.153230947
0.285933896 -0.66717909 0.188716371
0.365381087 -0.608968478 0.241151517
0.480571798 -0.480571798 0.317177386
0.603054636 -0.201018212 0.39801606
0.603054636 0.201018212 0.39801606
0.480571798 0.480571798 0.317177386
0.365381087 0.608968478 0.241151517
0.285933896 0.66717909 0.188716371
0.232168102 0.696504307 0.153230947
0.0809120339 -0.728208305 0.160205827
0.102137379 -0.714961656 0.202232011
0.137112663 -0.685563315 0.271483073
0.201018212 -0.603054636 0.39801606
0.308237688 -0.308237688 0.610310622
0.308237688 0.308237688 0.610310622
0.201018212 0.603054636 0.39801606
0.137112663 0.685563315 0.271483073
0.102137379 0.714961656 0.202232011
0.0809120339 0.728208305 0.160205827
-0.0809120339 -0.728208305 0.160205827
-0.102137379 -0.714961656 0.202232011
-0.137112663 -0.685563315 0.271483073
-0.201018212 -0.603054636 0.39801606
-0.308237688 -0.308237688 0.610310622
-0.308237688 0.308237688 0.610310622
-0.201018212 0.603054636 0.39801606
-0.137112663 0.685563315 0.271483073
-0.102137379 0.714961656 0.202232011
-0.0809120339 0.728208305 0.160205827
-0.232168102 -0.696504307 0.153230947
-0.285933896 -0.66717909 0.188716371
-0.365381087 -0.608968478 0.241151517
-0.480571798 -0.480571798 0.317177386
-0.603054636 -0.201018212 0.39801606
-0.603054636 0.201018212 0.39801606
-0.480571798 0.480571798 0.317177386
-0.365381087 0.608968478 0.241151517
-0.285933896 0.66717909 0.188716371
-0.232168102 0.696504307 0.153230947
-0.357677909 -0.643820236 0.141640452
-0.424820711 -0.594748995 0.168229001
-0.510686897 -0.510686897 0.202232011
-0.608968478 -0.365381087 0.241151517
-0.685563315 -0.137112663 0.271483073
-0.685563315 0.137112663 0.271483073
-0.608968478 0.365381087 0.241151517
-0.510686897 0.510686897 0.202232011
-0.424820711 0.594748995 0.168229001
-0.357677909 0.643820236 0.141640452
-0.453665689 -0.583284457 0.128322581
-0.520030413 -0.520030413 0.147094317
-0.594748995 -0.424820711 0.168229001
-0.66717909 -0.285933896 0.188716371
-0.714961656 -0.102137379 0.202232011
-0.714961656 0.102137379 0.202232011
-0.66717909 0.285933896 0.188716371
-0.594748995 0.424820711 0.168229001
-0.520030413 0.520030413 0.147094317
-0.453665689 0.583284457 0.128322581
-0.52402726 -0.52402726 0.115285997
-0.583284457 -0.453665689 0.128322581
-0.643820236 -0.357677909 0.141640452
-0.696504307 -0.232168102 0.153230947
-0.728208305 -0.0809120339 0.160205827
-0.728208305 0.0809120339 0.160205827
-0.696504307 0.232168102 0.153230947
-0.643820236 0.357677909 0.141640452
-0.583284457 0.453665689 0.128322581
-0.52402726 0.52402726 0.115285997
-0.574915823 -0.470385674 0.103484848
-0.625573993 -0.398092541 0.112603319
-0.673788482 -0.306267492 0.121281927
-0.712903225 -0.194428152 0.128322581
-0.735200682 -0.0668364256 0.132336123
-0.735200682 0.0668364256 0.132336123
-0.712903225 0.194428152 0.128322581
-0.673788482 0.306267492 0.121281927
-0.625573993 0.398092541 0.112603319
-0.574915823 0.470385674 0.103484848
0.637373752 -0.521487615 0.12747475
0.693251855 -0.441160271 0.138650371
0.746368286 -0.339258312 0.149273657
0.789408989 -0.215293361 0.157881798
0.813923003 -0.0739930002 0.162784601
0.813923003 0.0739930002 0.162784601
0.789408989 0.215293361 0.157881798
0.746368286 0.339258312 0.149273657
0.693251855 0.441160271 0.138650371
0.637373752 0.521487615 0.12747475
0.580645645 -0.580645645 0.141935602
0.645880082 -0.502351175 0.157881798
0.712382111 -0.395767839 0.174137849
0.77013257 -0.256710857 0.188254628
0.80482481 -0.0894249789 0.196734954
0.80482481 0.0894249789 0.196734954
0.77013257 0.256710857 0.188254628
0.712382111 0.395767839 0.174137849
0.645880082 0.502351175 0.157881798
0.580645645 0.580645645 0.141935602
0.502351175 -0.645880082 0.157881798
0.575222361 -0.575222361 0.18078417
0.656966896 -0.469262068 0.20647531
0.735865947 -0.31537112 0.231272155
0.787713105 -0.112530444 0.247566976
0.787713105 0.112530444 0.247566976
0.735865947 0.31537112 0.231272155
0.656966896 0.469262068 0.20647531
0.575222361 0.575222361 0.18078417
0.502351175 0.645880082 0.157881798
0.395767839 -0.712382111 0.174137849
0.469262068 -0.656966896 0.20647531
0.562652218 -0.562652218 0.247566976
0.668573483 -0.40114409 0.294172333
0.750294173 -0.150058835 0.330129436
0.750294173 0.150058835 0.330129436
0.668573483 0.40114409 0.294172333
0.562652218 0.562652218 0.247566976
0.469262068 0.656966896 0.20647531
0.395767839 0.712382111 0.174137849
0.256710857 -0.77013257 0.188254628
0.31537112 -0.735865947 0.231272155
0.40114409 -0.668573483 0.294172333
0.523108719 -0.523108719 0.383613061
0.648967665 -0.216322555 0.475909621
0.648967665 0.216322555 0.475909621
0.523108719 0.523108719 0.383613061
0.40114409 0.668573483 0.294172333
0.31537112 0.735865947 0.231272155
0.256710857 0.77013257 0.188254628
0.0894249789 -0.80482481 0.196734954
0.112530444 -0.787713105 0.247566976
0.150058835 -0.750294173 0.330129436
0.216322555 -0.648967665 0.475909621
0.318632964 -0.318632964 0.70099252
0.318632964 0.318632964 0.70099252
0.216322555 0.648967665 0.475909621
0.150058835 0.750294173 0.330129436
0.112530444 0.787713105 0.247566976
0.0894249789 0.80482481 0.196734954
-0.0894249789 -0.80482481 0.196734954
-0.112530444 -0.787713105 0.247566976
-0.150058835 -0.750294173 0.330129436
-0.216322555 -0.648967665 0.475909621
-0.318632964 -0.318632964 0.70099252
-0.318632964 0.318632964 0.70099252
-0.216322555 0.648967665 0.475909621
-0.150058835 0.750294173 0.330129436
-0.112530444 0.787713105 0.247566976
-0.0894249789 0.80482481 0.196734954
-0.256710857 -0.77013257 0.188254628
-0.31537112 -0.735865947 0.231272155
-0.40114409 -0.668573483 0.294172333
-0.523108719 -0.523108719 0.383613061
-0.648967665 -0.216322555 0.475909621
-0.648967665 0.216322555 0.475909621
-0.523108719 0.523108719 0.383613061
-0.40114409 0.668573483 0.294172333
-0.31537112 0.735865947 0.231272155
-0.256710857 0.77013257 0.188254628
-0.395767839 -0.712382111 0.174137849
-0.469262068 -0.656966896 0.20647531
-0.562652218 -0.562652218 0.247566976
-0.668573483 -0.40114409 0.294172333
-0.750294173 -0.150058835 0.330129436
-0.750294173 0.150058835 0.330129436
-0.668573483 0.40114409 0.294172333
-0.562652218 0.562652218 0.247566976
-0.469262068 0.656966896 0.20647531
-0.395767839 0.712382111 0.174137849
-0.502351175 -0.645880082 0.157881798
-0.575222361 -0.575222361 0.18078417
-0.656966896 -0.469262068 0.20647531
-0.735865947 -0.31537112 0.231272155
-0.787713105 -0.112530444 0.247566976
-0.787713105 0.112530444 0.247566976
-0.735865947 0.31537112 0.231272155
-0.656966896 0.469262068 0.20647531
-0.575222361 0.575222361 0.18078417
-0.502351175 0.645880082 0.157881798
-0.580645645 -0.580645645 0.141935602
-0.645880082 -0.502351175 0.157881798
-0.712382111 -0.395767839 0.174137849
-0.77013257 -0.256710857 0.188254628
-0.80482481 -0.0894249789 0.196734954
-0.80482481 0.0894249789 0.196734954
-0.77013257 0.256710857 0.188254628
-0.712382111 0.395767839 0.174137849
-0.645880082 0.502351175 0.157881798
-0.580645645 0.580645645 0.141935602
-0.637373752 -0.521487615 0.12747475
-0.693251855 -0.441160271 0.138650371
-0.746368286 -0.339258312 0.149273657
-0.789408989 -0.215293361 0.157881798
-0.813923003 -0.0739930002 0.162784601
-0.813923003 0.0739930002 0.162784601
-0.789408989 0.215293361 0.157881798
-0.746368286 0.339258312 0.149273657
-0.693251855 0.441160271 0.138650371
-0.637373752 0.521487615 0.12747475
0.69939484 -0.572232142 0.153866865
0.760370108 -0.483871887 0.167281424
0.81825294 -0.371933154 0.180015647
0.86509554 -0.235935147 0.190321019
0.891749528 -0.0810681389 0.196184896
0.891749528 0.0810681389 0.196184896
0.86509554 0.235935147 0.190321019
0.81825294 0.371933154 0.180015647
0.760370108 0.483871887 0.167281424
0.69939484 0.572232142 0.153866865
0.636773522 -0.636773522 0.171221325
0.707805442 -0.550515344 0.190321019
0.780051955 -0.433362197 0.209747303
0.842642561 -0.280880854 0.226577222
0.880171388 -0.0977968209 0.236668307
0.880171388 0.0977968209 0.236668307
0.842642561 0.280880854 0.226577222
0.780051955 0.433362197 0.209747303
0.707805442 0.550515344 0.190321019
0.636773522 0.636773522 0.171221325
0.550515344 -0.707805442 0.190321019
0.629640778 -0.629640778 0.217675812
0.718049882 -0.512892773 0.248240102
0.802984688 -0.344136295 0.277603278
0.85856466 -0.122652094 0.296818068
0.85856466 0.122652094 0.296818068
0.802984688 0.344136295 0.277603278
0.718049882 0.512892773 0.248240102
0.629640778 0.629640778 0.217675812
0.550515344 0.707805442 0.190321019
0.433362197 -0.780051955 0.209747303
0.512892773 -0.718049882 0.248240102
0.613260472 -0.613260472 0.296818068
0.72599296 -0.435595776 0.351380592
0.812050607 -0.162410121 0.393032494
0.812050607 0.162410121 0.393032494
0.72599296 0.435595776 0.351380592
0.613260472 0.613260472 0.296818068
0.512892773 0.718049882 0.248240102
0.433362197 0.780051955 0.209747303
0.280880854 -0.842642561 0.226577222
0.344136295 -0.802984688 0.277603278
0.435595776 -0.72599296 0.351380592
0.56302832 -0.56302832 0.454176178
0.69060608 -0.230202027 0.557088904
0.69060608 0.230202027 0.557088904
0.56302832 0.56302832 0.454176178
0.435595776 0.72599296 0.351380592
0.344136295 0.802984688 0.277603278
0.280880854 0.842642561 0.226577222
0.0977968209 -0.880171388 0.236668307
0.122652094 -0.85856466 0.296818068
0.162410121 -0.812050607 0.393032494
0.230202027 -0.69060608 0.557088904
0.327039075 -0.327039075 0.791434561
0.327039075 0.327039075 0.791434561
0.230202027 0.69060608 0.557088904
0.162410121 0.812050607 0.393032494
0.122652094 0.85856466 0.296818068
0.0977968209 0.880171388 0.236668307
-0.0977968209 -0.880171388 0.236668307
-0.122652094 -0.85856466 0.296818068
-0.162410121 -0.812050607 0.393032494
-0.230202027 -0.69060608 0.557088904
-0.327039075 -0.327039075 0.791434561
-0.327039075 0.327039075 0.791434561
-0.230202027 0.69060608 0.557088904
-0.162410121 0.812050607 0.393032494
-0.122652094 0.85856466 0.296818068
-0.0977968209 0.880171388 0.236668307
-0.280880854 -0.842642561 0.226577222
-0.344136295 -0.802984688 0.277603278
-0.435595776 -0.72599296 0.351380592
-0.56302832 -0.56302832 0.454176178
-0.69060608 -0.230202027 0.557088904
-0.69060608 0.230202027 0.557088904
-0.56302832 0.56302832 0.454176178
-0.435595776 0.72599296 0.351380592
-0.344136295 0.802984688 0.277603278
-0.280880854 0.842642561 0.226577222
-0.433362197 -0.780051955 0.209747303
-0.512892773 -0.718049882 0.248240102
-0.613260472 -0.613260472 0.296818068
-0.72599296 -0.435595776 0.351380592
-0.812050607 -0.162410121 0.393032494
-0.812050607 0.162410121 0.393032494
-0.72599296 0.435595776 0.351380592
-0.613260472 0.613260472 0.296818068
-0.512892773 0.718049882 0.248240102
-0.433362197 0.780051955 0.209747303
-0.550515344 -0.707805442 0.190321019
-0.629640778 -0.629640778 0.217675812
-0.718049882 -0.512892773 0.248240102
-0.802984688 -0.344136295 0.277603278
-0.85856466 -0.122652094 0.296818068
-0.85856466 0.122652094 0.296818068
-0.802984688 0.344136295 0.277603278
-0.718049882 0.512892773 0.248240102
-0.629640778 0.629640778 0.217675812
-0.550515344 0.707805442 0.190321019
-0.636773522 -0.636773522 0.171221325
-0.707805442 -0.550515344 0.190321019
-0.780051955 -0.433362197 0.209747303
-0.842642561 -0.280880854 0.226577222
-0.880171388 -0.0977968209 0.236668307
-0.880171388 0.0977968209 0.236668307
-0.842642561 0.280880854 0.226577222
-0.780051955 0.433362197 0.209747303
-0.707805442 0.550515344 0.190321019
-0.636773522 0.636773522 0.171221325
-0.69939484 -0.572232142 0.153866865
-0.760370108 -0.483871887 0.167281424
-0.81825294 -0.371933154 0.180015647
-0.86509554 -0.235935147 0.190321019
-0.891749528 -0.0810681389 0.196184896
-0.891749528 0.0810681389 0.196184896
-0.86509554 0.235935147 0.190321019
-0.81825294 0.371933154 0.180015647
-0.760370108 0.483871887 0.167281424
-0.69939484 0.572232142 0.153866865
