+------------------------------------------------------------+
|012345678901234567890123456789012345678901234567890123456789|
|123456789012345678901234567890123456789012345678901234567890|
|234567890123456789012345678901234567890123456789012345678901|
|345678901234567890123456789012345678901234567890123456789012|
|456789012345678901234567890123456789012345678901234567890123|
|567890123456789012345678901234567890123456789012345678901234|
|678901234567890123456789012345678901234567890123456789012345|
|789012345678901234567890123456789012345678901234567890123456|
|890123456789012345678901234567890123456789012345678901234567|
|901234567890123456789012345678901234567890123456789012345678|
|012345678901234567890123456789012345678901234567890123456789|
|123456789012345678901234567890123456789012345678901234567890|
|234567890123456789012345678901234567890123456789012345678901|
|345678901234567890123456789012345678901234567890123456789012|
|456789012345678901234567890123456789012345678901234567890123|
|567890123456789012345678901234567890123456789012345678901234|
|678901234567890123456789012345678901234567890123456789012345|
|789012345678901234567890123456789012345678901234567890123456|
|890123456789012345678901234567890123456789012345678901234567|
|901234567890123456789012345678901234567890123456789012345678|
|012345678901234567890123456789012345678901234567890123456789|
|123456789012345678901234567890123456789012345678901234567890|
|234567890123456789012345678901234567890123456789012345678901|
|345678901234567890123456789012345678901234567890123456789012|
|456789012345678901234567890123456789012345678901234567890123|
|567890123456789012345678901234567890123456789012345678901234|
|678901234567890123456789012345678901234567890123456789012345|
|789012345678901234567890123456789012345678901234567890123456|
|890123456789012345678901234567890123456789012345678901234567|
|901234567890123456789012345678901234567890123456789012345678|
+------------------------------------------------------------+
